28 NaN NaN NaN NaN NaN
29 NaN NaN NaN NaN NaN
30 64 77 35 20 0.670026
31 64 77 35 20 0.672109
32 64 77 35 20 0.674942
33 64 77 35 20 0.663177
34 64 77 35 20 0.684566
35 64 77 35 20 0.696061
36 64 77 35 20 0.697365
37 64 77 35 20 0.692290
38 64 77 35 20 0.700589
39 64 77 35 20 0.699017
40 64 77 35 20 0.699202
41 64 77 35 20 0.691022
42 64 77 35 20 0.707615
43 64 77 35 20 0.705931
44 64 77 35 20 0.707223
45 64 77 35 20 0.707643
46 64 77 35 20 0.724080
47 64 77 35 20 0.707541
48 63 77 35 20 0.732555
49 62 77 35 20 0.733653
50 60 77 35 20 0.633391
51 58 77 36 20 0.939691
52 57 77 36 20 0.911146
53 57 77 35 20 0.891328
54 57 77 35 20 0.898350
55 58 77 35 20 1.933068
