2 NaN NaN NaN NaN NaN
3 NaN NaN NaN NaN NaN
4 NaN NaN NaN NaN NaN
5 NaN NaN NaN NaN NaN
6 NaN NaN NaN NaN NaN
7 NaN NaN NaN NaN NaN
8 NaN NaN NaN NaN NaN
9 NaN NaN NaN NaN NaN
10 NaN NaN NaN NaN NaN
11 NaN NaN NaN NaN NaN
12 NaN NaN NaN NaN NaN
13 NaN NaN NaN NaN NaN
14 NaN NaN NaN NaN NaN
15 NaN NaN NaN NaN NaN
16 NaN NaN NaN NaN NaN
17 NaN NaN NaN NaN NaN
18 NaN NaN NaN NaN NaN
19 NaN NaN NaN NaN NaN
20 NaN NaN NaN NaN NaN
21 NaN NaN NaN NaN NaN
22 NaN NaN NaN NaN NaN
23 NaN NaN NaN NaN NaN
24 NaN NaN NaN NaN NaN
25 NaN NaN NaN NaN NaN
26 NaN NaN NaN NaN NaN
27 NaN NaN NaN NaN NaN
28 NaN NaN NaN NaN NaN
29 NaN NaN NaN NaN NaN
30 NaN NaN NaN NaN NaN
31 NaN NaN NaN NaN NaN
32 NaN NaN NaN NaN NaN
33 NaN NaN NaN NaN NaN
34 NaN NaN NaN NaN NaN
35 NaN NaN NaN NaN NaN
36 NaN NaN NaN NaN NaN
37 NaN NaN NaN NaN NaN
38 NaN NaN NaN NaN NaN
39 NaN NaN NaN NaN NaN
40 NaN NaN NaN NaN NaN
41 NaN NaN NaN NaN NaN
42 NaN NaN NaN NaN NaN
43 NaN NaN NaN NaN NaN
44 NaN NaN NaN NaN NaN
45 NaN NaN NaN NaN NaN
46 NaN NaN NaN NaN NaN
47 NaN NaN NaN NaN NaN
48 NaN NaN NaN NaN NaN
49 NaN NaN NaN NaN NaN
50 NaN NaN NaN NaN NaN
51 NaN NaN NaN NaN NaN
52 NaN NaN NaN NaN NaN
53 NaN NaN NaN NaN NaN
54 NaN NaN NaN NaN NaN
55 NaN NaN NaN NaN NaN
56 NaN NaN NaN NaN NaN
57 NaN NaN NaN NaN NaN
58 NaN NaN NaN NaN NaN
59 NaN NaN NaN NaN NaN
60 83 67 27 18 0.875906
61 83 67 27 18 0.873343
62 83 67 27 18 0.869993
63 83 67 27 18 0.865871
64 83 67 27 18 0.849317
65 83 67 27 18 0.873024
66 83 67 27 18 0.885826
67 83 67 27 18 0.880060
68 83 67 27 18 0.898834
69 83 67 27 18 0.910343
70 83 67 27 18 0.898932
71 83 67 27 18 0.885754
72 83 67 27 18 0.857034
73 83 67 27 18 0.831136
74 83 67 27 18 0.788432
75 83 67 27 18 0.765563
76 83 67 27 18 0.731089
77 83 67 27 18 0.724206
78 83 67 27 18 0.709779
79 83 67 27 18 0.676956
80 83 67 27 18 0.639227
81 82 67 27 18 0.890421
82 81 67 27 18 0.848136
83 80 67 27 18 0.870210
84 79 67 27 18 0.847690
85 78 67 27 18 0.802918
86 77 67 27 18 0.755612
87 76 67 27 18 0.690131
88 75 67 27 18 0.597048
89 75 67 27 18 0.969423
90 75 67 27 18 0.967126
91 75 67 27 18 0.958649
92 75 67 27 18 0.886528
93 75 67 27 18 0.767423
94 75 66 27 18 0.805648
95 76 66 27 18 0.816372
96 76 66 27 18 0.766924
97 76 66 27 18 0.788587
98 76 66 27 18 0.839191
99 76 67 26 18 0.748087
100 75 68 26 18 0.649083
101 74 68 26 18 0.899469
102 74 68 25 18 0.879582
103 74 68 25 18 0.873924
104 75 68 25 18 0.864867
105 77 68 25 18 0.871704
106 80 68 24 18 0.788552
107 82 67 24 18 0.766647
108 84 66 24 18 0.738334
109 84 65 24 18 0.761714
110 83 65 24 18 0.754155
111 81 66 24 18 0.743118
112 79 67 24 18 0.736168
113 78 68 23 17 0.753499
114 76 69 23 17 0.756349
115 73 70 23 17 0.735071
116 70 70 24 17 0.760287
117 67 70 23 16 0.724614
118 63 70 23 16 0.703401
119 60 70 23 16 0.704803
120 58 70 23 16 0.702941
121 57 70 23 16 0.712959
122 57 70 24 16 0.705085
123 57 69 24 16 0.719255
124 58 68 24 16 0.710762
125 58 66 24 16 0.733516
126 58 66 24 16 0.723940
127 58 67 24 16 0.682132
128 58 67 24 16 0.710806
129 58 68 24 16 0.671124
130 58 69 24 16 0.587520
131 59 70 25 16 0.945904
132 61 70 25 16 0.962388
133 66 71 23 15 0.875910
134 71 71 23 15 0.798741
135 76 71 23 15 0.751650
136 81 71 23 15 0.715609
137 86 71 22 14 0.759520
138 89 72 21 13 0.653443
139 91 72 21 13 0.640977
140 92 73 20 12 0.938887
141 92 73 19 12 0.936371
142 90 73 20 13 0.943792
143 89 73 19 12 0.907387
144 87 73 19 12 0.893805
145 84 73 20 12 0.842974
146 81 73 21 13 0.846404
147 79 74 21 13 0.910651
148 78 75 20 13 0.924325
149 76 75 22 14 0.859358
150 76 76 21 14 0.898679
151 76 77 20 13 0.916350
152 76 78 19 13 0.920499
153 75 78 20 14 0.820498
154 75 79 20 14 0.854403
155 75 80 19 14 0.834181
156 74 81 20 15 0.780779
157 73 81 20 15 0.785893
158 73 81 19 14 0.833772
159 73 81 19 14 0.803974
160 72 81 19 14 0.727346
161 71 81 19 14 0.698437
162 70 81 20 15 0.639600
163 70 82 19 14 0.857211
164 69 81 20 15 0.918709
165 69 81 20 15 0.934999
166 69 80 20 15 0.805590
167 69 80 20 15 0.889605
168 70 80 19 15 0.904782
169 69 80 19 15 0.758201
170 69 80 19 15 0.744807
171 69 80 20 15 0.849623
172 69 80 20 15 0.812802
173 69 80 20 15 0.735587
174 70 80 19 14 0.663160
175 70 80 19 14 0.668194
176 70 80 19 14 0.723473
177 70 80 19 14 0.680922
178 70 80 19 14 0.674372
179 70 80 20 14 0.733757
180 70 80 20 14 0.751080
181 70 80 20 14 0.723871
182 70 80 20 14 0.703549
183 70 80 21 14 0.764849
184 70 80 21 14 0.777702
185 69 80 21 14 0.736883
186 67 80 22 15 0.873125
187 66 80 21 15 0.867555
188 65 80 21 15 0.833552
189 65 80 20 15 0.782034
190 64 80 21 16 0.821578
191 64 80 20 15 0.751009
192 63 80 21 16 0.728930
193 63 80 21 16 0.748069
194 63 80 21 16 0.749489
195 63 80 21 16 0.719561
196 63 80 21 16 0.694771
197 63 80 20 15 0.617942
198 63 80 21 15 0.933032
199 63 80 21 15 0.919570
200 63 80 20 14 0.890378
201 63 80 20 14 0.883443
202 63 80 20 14 0.886742
203 63 80 19 14 0.903106
204 63 80 19 14 0.883034
205 61 79 21 16 0.637952
206 61 79 21 16 0.984124
207 61 79 21 16 0.981864
208 60 79 22 17 0.849957
209 60 79 22 17 0.857418
210 60 79 22 17 0.873656
211 60 79 22 17 0.869731
212 60 79 22 17 0.873051
213 60 79 22 17 0.866912
214 60 79 22 17 0.852698
215 60 79 22 17 0.838664
216 60 79 22 17 0.804025
217 60 79 23 17 0.826564
218 60 80 22 16 0.752239
219 60 80 23 16 0.795829
220 60 80 23 16 0.784781
221 60 80 23 16 0.783212
222 60 80 23 16 0.772501
223 60 80 23 16 0.770384
224 60 80 24 17 0.681795
225 60 80 24 17 0.671782
226 60 80 24 17 0.663633
227 59 79 26 18 0.672060
228 55 76 34 24 0.519214
229 55 76 34 24 0.995648
230 55 76 34 24 0.995086
231 55 76 34 24 0.993672
232 55 76 34 24 0.988451
233 55 76 34 24 0.978176
234 55 76 34 24 0.954983
235 55 76 33 24 0.951319
236 55 76 33 24 0.954948
237 55 76 33 24 0.955813
238 55 76 33 24 0.931537
239 55 76 33 24 0.906176
240 55 76 33 24 0.868269
241 55 76 32 24 0.866342
242 55 76 32 24 0.823929
243 55 76 32 24 0.817407
244 55 76 32 24 0.825491
245 55 76 32 24 0.828152
246 55 76 32 24 0.841191
247 55 76 32 24 0.861951
248 55 76 32 24 0.886564
249 55 76 32 24 0.903458
250 55 76 32 24 0.907946
251 55 76 32 24 0.912246
252 55 76 32 24 0.918221
253 55 76 32 24 0.921124
254 55 76 32 24 0.919075
255 55 76 32 24 0.920216
256 55 76 32 24 0.918610
257 55 76 32 24 0.922378
258 55 76 32 24 0.917569
259 55 76 32 24 0.914568
260 55 76 32 24 0.908657
261 55 76 32 24 0.898782
262 55 76 32 24 0.892277
263 55 76 32 24 0.867250
264 55 76 32 24 0.839181
265 55 76 32 24 0.776666
266 54 76 32 24 0.825683
267 53 76 32 24 0.836094
268 52 76 32 24 0.805803
269 51 76 32 24 0.757289
270 50 76 32 24 0.729413
271 49 76 32 24 0.725355
272 49 76 32 24 0.680883
273 49 76 32 24 0.660699
274 49 76 32 24 0.674202
275 49 76 32 24 0.715485
276 49 75 33 24 0.646774
277 49 74 34 24 0.898615
278 50 73 35 24 0.820837
279 51 72 35 24 0.719109
280 52 71 35 24 0.635915
281 53 71 35 24 0.967311
282 54 71 35 24 0.924438
283 54 71 35 24 0.938805
284 54 71 34 23 0.966816
285 54 72 33 22 0.926305
286 54 72 33 22 0.918295
287 54 72 33 22 0.916807
288 54 72 33 22 0.933247
289 54 72 33 22 0.951919
290 54 72 33 22 0.958991
291 54 72 33 22 0.956452
292 54 72 33 22 0.954797
293 54 72 33 22 0.954339
294 54 72 33 22 0.957907
295 54 72 33 22 0.948456
296 54 72 33 22 0.944777
297 54 72 33 22 0.936090
298 54 72 33 22 0.919396
299 54 72 33 22 0.909288
300 54 72 33 22 0.903998
301 54 72 33 22 0.896525
302 54 72 33 22 0.885425
303 54 72 33 22 0.888112
304 54 72 32 22 0.864810
305 54 72 32 22 0.867547
306 54 72 32 22 0.884885
307 54 72 32 22 0.889616
308 54 72 32 22 0.907674
309 54 72 32 22 0.915446
310 54 72 32 22 0.921040
311 54 72 32 22 0.917943
312 54 72 32 22 0.912894
313 54 72 32 22 0.918991
314 54 72 32 22 0.910686
315 54 72 32 22 0.904373
316 54 72 32 22 0.891096
317 54 72 32 22 0.878103
318 54 72 32 22 0.859530
319 54 72 32 22 0.844128
320 54 72 32 22 0.838678
321 54 72 32 22 0.827754
322 54 72 32 22 0.841980
323 54 72 32 22 0.847440
324 54 72 32 22 0.861747
325 54 72 32 22 0.866275
326 54 72 32 22 0.870547
327 54 72 32 22 0.866073
328 54 72 32 22 0.869219
329 54 72 32 22 0.858291
330 54 72 32 22 0.833837
331 54 72 32 22 0.815587
332 54 72 32 22 0.802280
333 54 72 32 22 0.783438
334 54 72 32 22 0.770513
335 54 72 32 22 0.763800
336 54 72 32 22 0.750913
337 54 72 32 22 0.744884
338 54 72 32 22 0.750851
339 54 72 32 22 0.763715
340 54 72 32 22 0.771634
341 54 72 32 22 0.783824
342 54 72 32 22 0.804062
343 54 72 32 22 0.830976
344 54 72 32 22 0.848294
345 54 72 32 22 0.862694
346 54 72 32 22 0.869457
347 54 72 33 23 0.915463
348 54 72 33 23 0.911898
349 54 72 33 23 0.890146
350 54 72 33 23 0.877314
351 54 72 33 23 0.849501
352 54 72 33 23 0.837873
353 54 72 33 23 0.827213
354 54 72 33 23 0.830118
355 54 72 33 23 0.852997
356 54 72 33 23 0.882052
357 54 72 33 23 0.897955
358 54 72 33 23 0.901362
359 54 72 33 23 0.900066
360 54 72 33 23 0.903645
361 54 72 33 23 0.886454
362 54 72 33 23 0.875878
363 54 72 33 23 0.868903
364 54 72 33 23 0.874696
365 54 72 33 23 0.879799
366 54 72 33 23 0.884341
367 54 72 33 23 0.904391
368 54 72 33 23 0.926047
369 54 72 33 23 0.944299
370 54 72 33 23 0.945362
371 54 72 33 23 0.941397
372 54 72 33 23 0.927569
373 54 72 33 23 0.919788
374 54 72 33 23 0.899288
375 54 72 33 23 0.861760
376 54 72 33 23 0.822692
377 54 72 34 23 0.837922
378 54 72 34 23 0.822695
379 54 72 34 23 0.805694
380 54 72 34 23 0.794441
381 54 72 34 23 0.808061
382 54 72 34 23 0.817375
383 54 72 34 23 0.812646
384 54 72 34 23 0.825222
385 54 72 34 23 0.835833
386 54 72 34 23 0.861997
387 54 72 34 23 0.880033
388 54 72 34 23 0.916819
389 54 72 34 23 0.960719
390 53 72 34 23 0.928243
391 52 72 33 23 0.875178
392 51 72 33 23 0.852492
393 50 72 33 23 0.846899
394 49 72 33 23 0.831231
395 48 72 33 23 0.813324
396 47 72 33 23 0.786657
397 46 72 33 23 0.735798
398 45 72 33 23 0.678908
399 44 72 33 23 0.625752
400 44 73 32 22 0.960875
401 44 74 31 21 0.847769
402 45 75 30 20 0.821094
403 47 75 29 20 0.901263
404 48 75 29 20 0.819987
405 50 75 29 20 0.794089
406 51 74 29 20 0.817187
407 52 73 29 20 0.857142
408 52 72 29 20 0.777933
409 52 71 29 20 0.657969
410 53 70 29 20 0.694620
411 53 69 29 20 0.613311
412 54 69 29 20 0.973805
413 55 69 29 20 0.952264
414 56 69 29 20 0.942927
415 57 69 29 20 0.909370
416 58 69 29 20 0.861604
417 58 69 29 20 0.856627
418 58 70 29 20 0.860447
419 58 71 29 20 0.817746
420 58 72 29 20 0.794235
421 58 73 29 20 0.790834
422 58 74 29 20 0.789406
423 57 74 29 20 0.745057
424 56 74 30 21 0.699120
425 56 75 30 21 0.688393
426 56 76 29 21 0.643026
427 56 77 29 21 0.925957
428 56 77 29 21 0.943663
429 56 77 29 21 0.910424
430 56 76 29 21 0.882089
431 56 76 29 21 0.848202
432 56 75 29 21 0.717480
433 56 74 29 21 0.611306
434 56 73 29 21 0.927804
435 56 72 29 21 0.788404
436 56 71 30 21 0.625989
437 56 70 30 21 0.926871
438 56 69 30 21 0.833451
439 56 68 30 21 0.800519
440 56 67 30 21 0.796559
441 56 66 30 21 0.816128
442 56 65 30 21 0.826537
443 56 64 30 21 0.812320
444 56 63 31 21 0.787800
445 56 62 31 21 0.768917
446 56 61 31 21 0.743894
447 56 60 32 21 0.725398
448 56 59 33 21 0.691729
449 56 59 33 21 0.694848
450 56 59 34 21 0.683811
451 56 59 35 21 0.674934
452 56 59 36 21 0.660493
453 56 59 37 22 0.658063
454 56 59 37 22 0.651026
455 56 59 38 22 0.635716
456 56 59 38 22 0.982889
457 56 59 39 22 0.982378
458 56 59 40 22 0.970358
459 56 59 40 22 0.932907
460 56 59 41 23 0.885870
461 55 54 43 30 0.697060
462 55 54 43 30 0.688672
463 55 54 43 30 0.681448
464 56 54 42 29 0.678349
465 56 54 42 29 0.690135
466 56 53 42 29 0.708409
467 56 52 42 29 0.710934
468 56 51 41 29 0.682389
469 56 51 40 28 0.694585
470 56 51 39 27 0.709156
471 56 51 38 26 0.695239
472 56 51 37 25 0.639297
473 55 52 36 24 0.965557
474 54 53 35 23 0.928966
475 54 54 34 22 0.942137
476 53 55 33 22 0.819705
477 52 55 32 22 0.804343
478 53 57 28 19 0.784334
479 51 57 28 19 0.797883
480 49 57 28 19 0.788784
481 47 56 28 19 0.758325
482 45 55 28 19 0.696909
483 42 53 29 20 0.821548
484 41 51 29 20 0.773023
485 41 49 29 20 0.672751
486 41 49 29 20 0.760759
487 42 49 30 20 0.799244
488 44 50 30 20 0.820447
489 46 51 30 20 0.860554
490 48 52 30 20 0.866763
491 51 53 29 19 0.787835
492 53 54 28 19 0.792828
493 54 55 28 19 0.789001
494 55 56 28 19 0.829177
495 56 58 27 19 0.741423
496 57 60 27 19 0.736748
497 58 62 27 19 0.771926
498 59 63 26 19 0.760295
499 59 64 26 19 0.738061
500 60 65 25 18 0.789052
501 60 65 25 18 0.748240
502 60 65 25 18 0.752125
503 60 64 25 18 0.734896
504 60 63 26 18 0.855202
505 60 62 27 19 0.849047
506 60 62 27 19 0.845263
507 60 62 27 19 0.842288
508 60 62 27 19 0.825160
509 60 61 27 19 0.768997
510 60 60 27 19 0.678225
511 60 59 27 19 0.594294
512 59 59 27 19 0.917018
513 58 59 27 19 0.851650
514 57 59 27 19 0.858324
515 55 59 27 19 0.715440
516 53 59 27 19 0.700942
517 50 59 27 19 0.680959
518 47 59 27 19 0.669300
519 43 59 27 19 0.669082
520 39 59 28 20 0.693496
521 35 59 29 20 0.728213
522 31 59 30 21 0.678111
523 28 59 30 21 0.681328
524 26 59 30 21 0.681564
525 24 59 30 21 0.672250
526 22 59 30 21 0.671003
527 21 59 30 21 0.663412
528 21 59 30 21 0.663648
529 22 59 30 21 0.660747
530 24 59 29 20 0.663367
531 26 58 29 20 0.658135
532 29 57 29 20 0.752358
533 32 56 29 20 0.785273
534 36 55 28 20 0.808774
535 40 54 27 20 0.738518
536 41 55 37 25 0.786159
537 45 55 37 25 0.793041
538 49 55 37 25 0.770816
539 52 56 37 25 0.804788
540 54 56 37 25 0.833498
541 56 56 37 25 0.832175
542 57 56 37 25 0.833120
543 58 56 37 25 0.787094
544 58 56 37 25 0.801109
545 58 56 37 25 0.797208
546 58 56 37 25 0.797075
547 58 56 37 25 0.798693
548 58 56 37 25 0.805941
549 58 56 37 25 0.810650
550 58 55 38 25 0.787828
551 57 54 39 25 0.783010
552 56 54 40 25 0.786236
553 55 53 41 25 0.764992
554 54 52 42 26 0.779413
555 53 51 43 26 0.773546
556 52 50 44 27 0.781611
557 52 49 45 28 0.733424
558 52 49 46 29 0.694535
559 52 49 47 29 0.628426
560 51 49 47 29 0.951121
561 51 49 47 29 0.973485
562 51 49 47 29 0.958838
563 51 49 47 29 0.936088
564 51 50 46 28 0.842839
565 51 51 45 28 0.693997
566 52 53 44 27 0.778498
567 52 56 43 26 0.659172
568 52 59 42 25 0.634412
569 52 63 41 25 0.712801
570 52 66 40 24 0.633613
571 52 68 40 24 0.966598
572 52 69 40 24 0.971886
573 52 70 40 24 0.933032
574 52 71 40 24 0.778206
575 51 71 40 24 0.843769
576 50 71 40 24 0.870251
577 49 71 40 24 0.889585
578 48 71 40 24 0.912106
579 48 71 40 24 0.867003
580 48 71 40 24 0.780965
581 48 71 40 24 0.724404
582 48 70 40 24 0.763037
583 48 70 40 24 0.773251
584 48 70 40 24 0.806780
585 48 70 40 24 0.854503
586 48 70 40 24 0.865345
587 48 70 40 24 0.889094
588 48 70 40 24 0.886143
589 48 70 40 24 0.882792
590 48 70 40 24 0.882905
591 48 70 40 24 0.884479
592 48 70 40 24 0.892183
593 48 70 40 24 0.901130
594 48 70 40 24 0.912518
595 48 70 40 24 0.912557
596 48 70 40 24 0.904301
597 48 70 40 24 0.899668
598 48 70 40 24 0.889811
599 48 70 40 24 0.881329
600 48 70 40 24 0.875228
601 48 70 40 24 0.849406
602 48 70 40 24 0.822645
603 48 70 40 24 0.823667
604 48 70 40 24 0.831573
605 48 70 40 24 0.836275
606 48 70 40 24 0.848811
607 48 70 40 24 0.861164
608 48 70 40 24 0.865950
609 48 70 40 24 0.870174
610 48 70 40 24 0.867968
611 48 70 40 24 0.858895
612 48 70 40 24 0.864257
613 48 70 40 24 0.871912
614 48 70 40 24 0.868311
615 48 70 40 24 0.880509
616 48 70 40 24 0.879150
617 48 70 40 24 0.877016
618 48 70 40 24 0.867828
619 48 70 40 24 0.855820
620 48 70 40 24 0.855617
621 48 70 40 24 0.852054
622 48 70 40 24 0.847013
623 48 70 40 24 0.834174
624 48 70 40 24 0.838507
625 48 70 40 24 0.837578
626 48 70 40 24 0.851635
627 48 70 40 24 0.856617
628 48 70 40 24 0.863332
629 48 70 40 24 0.860736
630 48 70 40 24 0.857542
631 49 71 39 23 0.788349
632 49 71 38 23 0.818243
633 49 71 38 23 0.823463
634 49 71 38 23 0.817345
635 49 71 38 23 0.823027
636 49 71 38 23 0.821313
637 49 71 38 23 0.816361
638 49 71 38 23 0.821511
639 49 71 38 23 0.812110
640 49 71 38 23 0.797285
641 49 71 38 23 0.777954
642 49 71 38 23 0.746930
643 49 71 38 23 0.732732
644 49 71 38 23 0.707238
645 49 71 38 23 0.692895
646 49 71 38 23 0.671553
647 49 71 38 23 0.664497
648 49 71 38 23 0.654400
649 49 71 38 23 0.652847
650 49 71 38 23 0.643526
651 49 71 38 23 0.986598
652 49 71 38 23 0.981545
653 49 71 38 23 0.975596
654 49 71 38 23 0.971169
655 49 71 38 23 0.969425
656 49 71 38 23 0.966341
657 49 71 38 23 0.964646
658 49 71 38 23 0.959492
659 49 71 38 23 0.962980
660 49 71 38 23 0.962145
661 49 71 38 23 0.962492
662 49 71 38 23 0.963338
663 49 71 38 23 0.959752
664 49 71 38 23 0.955743
665 49 71 38 23 0.957838
666 49 71 38 23 0.959384
667 49 71 38 23 0.960643
668 49 71 38 23 0.955011
669 49 71 38 23 0.943551
670 49 71 38 23 0.938839
671 49 71 38 23 0.934022
672 49 71 38 23 0.936989
673 49 71 38 23 0.938380
674 49 71 38 23 0.927005
675 49 71 38 23 0.928085
676 49 71 38 23 0.933426
677 49 71 38 23 0.924494
678 49 71 38 23 0.933159
679 49 71 38 23 0.931760
680 49 71 38 23 0.940156
681 49 71 38 23 0.938987
682 49 71 38 23 0.936730
683 49 71 38 23 0.933826
684 49 71 38 23 0.932130
685 49 71 38 23 0.931200
686 49 71 38 23 0.925201
687 49 71 38 23 0.930851
688 49 71 38 23 0.924946
689 49 71 38 23 0.917933
690 49 71 38 23 0.902568
691 49 71 38 23 0.886587
692 49 71 38 23 0.887579
693 49 71 38 23 0.888168
694 49 71 38 23 0.893770
695 49 71 38 23 0.899450
696 49 71 38 23 0.903237
697 49 71 38 23 0.913255
698 49 71 38 23 0.913713
699 49 71 38 23 0.925619
700 49 71 38 23 0.925882
701 49 71 38 23 0.916321
702 49 71 38 23 0.913286
703 49 71 38 23 0.902376
704 49 71 38 23 0.882927
705 49 71 38 23 0.878966
706 49 71 38 23 0.868106
707 49 71 38 23 0.861294
708 49 71 38 23 0.859254
709 49 71 37 23 0.910738
710 49 71 38 23 0.887531
711 49 71 38 23 0.902099
712 49 71 38 23 0.908045
713 49 71 38 23 0.912331
714 49 71 38 23 0.909392
715 49 71 38 23 0.909733
716 49 71 38 23 0.906178
717 49 71 38 23 0.898797
718 49 71 38 23 0.893301
719 49 71 38 23 0.888757
720 49 71 38 23 0.890653
721 49 71 38 23 0.888188
722 49 71 38 23 0.886605
723 49 71 38 23 0.881957
724 49 71 38 23 0.899665
725 49 71 38 23 0.918067
726 49 71 38 23 0.913087
727 49 71 38 23 0.901170
728 49 71 38 23 0.891474
729 49 71 38 23 0.885758
730 49 71 38 23 0.866039
731 49 71 38 23 0.868311
732 49 71 38 23 0.874817
733 49 71 38 23 0.870052
734 49 71 38 23 0.863141
735 49 71 38 23 0.865159
736 49 71 38 23 0.860875
737 49 71 38 23 0.852129
738 49 71 38 23 0.850208
739 49 71 38 23 0.847339
740 49 71 38 23 0.843194
741 49 71 38 23 0.840043
742 49 71 38 23 0.833031
743 49 71 38 23 0.822658
744 49 71 38 23 0.813146
745 49 71 38 23 0.819558
746 49 71 38 23 0.824185
747 49 71 38 23 0.823842
748 49 71 38 23 0.830368
749 49 71 38 23 0.829636
750 49 71 38 23 0.836701
751 49 71 38 23 0.846149
752 49 71 38 23 0.851720
753 49 71 38 23 0.858533
754 49 71 38 23 0.871768
755 49 71 38 23 0.888199
756 49 71 38 23 0.883130
757 49 71 38 23 0.888006
758 49 71 38 23 0.889741
759 49 71 38 23 0.891258
760 49 71 38 23 0.883241
761 49 71 38 23 0.868338
762 49 71 38 23 0.867823
763 49 71 39 23 0.835015
764 49 71 39 23 0.832033
765 49 71 39 23 0.831274
766 49 71 39 23 0.819097
767 49 71 39 23 0.809469
768 49 71 39 23 0.800116
769 49 71 39 23 0.795574
770 49 71 39 23 0.796517
771 49 71 39 23 0.798459
772 49 71 39 23 0.795352
773 49 71 39 23 0.798852
774 49 71 39 23 0.802413
775 49 71 39 23 0.801852
776 49 71 39 23 0.796360
777 49 71 39 23 0.802979
778 49 71 39 23 0.795553
779 49 71 39 23 0.792194
780 49 71 39 23 0.784185
781 49 71 39 23 0.780228
782 49 71 39 23 0.782494
783 49 71 39 23 0.783269
784 49 71 39 23 0.773340
785 49 71 39 23 0.764363
786 49 71 39 23 0.753856
787 49 71 39 23 0.753962
788 49 71 39 23 0.743529
789 49 71 39 23 0.746925
790 49 71 39 23 0.740815
791 49 71 39 23 0.736456
792 49 71 39 23 0.742789
793 49 71 39 23 0.750413
794 49 71 39 23 0.757248
795 49 71 39 23 0.762238
796 49 71 39 23 0.768036
797 49 71 39 23 0.761658
798 49 71 39 23 0.764330
799 49 71 39 23 0.760737
800 49 71 39 23 0.760882
801 49 71 39 23 0.751191
802 49 71 39 23 0.749004
803 49 71 39 23 0.740178
804 49 71 39 23 0.744540
805 49 71 39 23 0.741445
806 49 71 39 23 0.738392
807 49 71 39 23 0.752421
808 49 71 39 23 0.753572
809 49 71 39 23 0.755254
810 49 71 39 23 0.762558
811 49 71 39 23 0.756368
812 49 71 39 23 0.762031
813 49 71 39 23 0.764788
814 49 71 39 23 0.759750
815 49 71 39 23 0.763216
816 49 71 39 23 0.751349
817 49 71 39 23 0.747337
818 49 71 39 23 0.741491
819 49 71 39 23 0.739560
820 49 71 39 23 0.747764
821 49 71 39 23 0.727545
822 49 71 39 23 0.715280
823 49 71 39 23 0.678018
824 49 71 39 23 0.629870
825 49 71 39 23 0.973333
826 49 71 39 23 0.945130
827 49 71 39 23 0.9