2 NaN NaN NaN NaN NaN
3 NaN NaN NaN NaN NaN
4 NaN NaN NaN NaN NaN
5 NaN NaN NaN NaN NaN
6 NaN NaN NaN NaN NaN
7 NaN NaN NaN NaN NaN
8 NaN NaN NaN NaN NaN
9 NaN NaN NaN NaN NaN
10 NaN NaN NaN NaN NaN
11 NaN NaN NaN NaN NaN
12 NaN NaN NaN NaN NaN
13 NaN NaN NaN NaN NaN
14 NaN NaN NaN NaN NaN
15 NaN NaN NaN NaN NaN
16 NaN NaN NaN NaN NaN
17 NaN NaN NaN NaN NaN
18 NaN NaN NaN NaN NaN
19 NaN NaN NaN NaN NaN
20 NaN NaN NaN NaN NaN
21 NaN NaN NaN NaN NaN
22 NaN NaN NaN NaN NaN
23 NaN NaN NaN NaN NaN
24 NaN NaN NaN NaN NaN
25 NaN NaN NaN NaN NaN
26 NaN NaN NaN NaN NaN
27 NaN NaN NaN NaN NaN
28 NaN NaN NaN NaN NaN
29 NaN NaN NaN NaN NaN
30 NaN NaN NaN NaN NaN
31 NaN NaN NaN NaN NaN
32 NaN NaN NaN NaN NaN
33 NaN NaN NaN NaN NaN
34 NaN NaN NaN NaN NaN
35 NaN NaN NaN NaN NaN
36 NaN NaN NaN NaN NaN
37 NaN NaN NaN NaN NaN
38 NaN NaN NaN NaN NaN
39 NaN NaN NaN NaN NaN
40 NaN NaN NaN NaN NaN
41 NaN NaN NaN NaN NaN
42 NaN NaN NaN NaN NaN
43 NaN NaN NaN NaN NaN
44 NaN NaN NaN NaN NaN
45 NaN NaN NaN NaN NaN
46 NaN NaN NaN NaN NaN
47 NaN NaN NaN NaN NaN
48 NaN NaN NaN NaN NaN
49 106 66 22 20 0.740402
50 106 66 22 20 0.732564
51 106 66 22 20 0.729484
52 106 66 22 20 0.721990
53 109 67 22 20 0.679315
54 109 67 22 20 0.660246
55 109 67 22 20 0.656842
56 109 67 22 20 0.618475
57 109 67 22 20 0.970687
58 109 67 22 20 0.924412
59 109 67 22 20 0.882432
60 109 67 22 20 0.871922
61 109 67 22 20 0.896553
62 109 67 22 20 0.907231
63 109 67 22 20 0.852659
64 109 67 22 20 0.775746
65 108 67 22 20 0.890797
66 107 67 22 20 0.896810
67 106 67 22 20 0.887819
68 105 67 22 20 0.825618
69 104 67 22 20 0.892267
70 103 67 22 20 0.877759
71 103 67 22 20 0.868996
72 103 67 22 20 0.864649
73 104 67 22 20 0.886516
74 105 67 23 20 0.727056
75 106 67 23 20 0.717277
76 107 67 23 20 0.679688
77 108 67 23 20 0.602745
78 108 67 23 20 0.959617
79 108 67 23 20 0.969434
80 108 67 23 20 0.987358
81 108 67 23 20 0.948496
82 108 67 23 20 0.898544
83 108 67 23 20 0.874270
84 108 67 23 20 0.835258
85 108 67 23 20 0.774305
86 107 67 23 20 0.888542
87 106 67 23 20 0.872731
88 106 67 23 20 0.822529
89 106 67 23 20 0.765704
90 106 67 24 20 0.648882
91 106 67 24 20 0.995159
92 106 67 24 20 0.971606
93 106 67 24 20 0.914954
94 106 67 24 20 0.852872
95 107 67 24 20 0.887920
96 107 67 24 20 0.880027
97 107 67 24 20 0.863611
98 107 67 24 20 0.867848
99 107 67 24 20 0.873999
100 107 67 24 20 0.876498
101 107 67 24 20 0.871218
102 107 67 24 20 0.876819
103 107 67 24 20 0.879664
104 107 67 24 20 0.868108
105 107 67 24 20 0.859873
106 107 67 24 20 0.855945
107 107 67 24 20 0.856878
108 107 67 24 20 0.860504
109 107 67 24 20 0.851544
110 107 67 24 20 0.852505
111 107 67 24 20 0.860557
112 107 67 24 20 0.859577
113 107 67 24 20 0.867874
114 107 67 24 20 0.884591
115 107 67 24 20 0.890531
116 107 67 24 20 0.888454
117 107 67 24 20 0.887443
118 107 67 24 20 0.884706
119 107 67 24 20 0.888739
120 107 67 24 20 0.889493
121 107 67 24 20 0.887457
122 107 67 24 20 0.891973
123 107 67 24 20 0.889685
124 107 67 24 20 0.892273
125 107 67 24 20 0.889014
126 107 67 24 20 0.887591
127 107 67 24 20 0.885564
128 107 67 24 20 0.887182
129 107 67 24 20 0.887110
130 107 67 24 20 0.893587
131 107 67 24 20 0.896854
132 107 67 24 20 0.897613
133 107 67 24 20 0.894657
134 107 67 24 20 0.882833
135 107 67 24 20 0.874022
136 107 67 24 20 0.864214
137 107 67 24 20 0.853433
138 107 67 24 20 0.841133
139 107 67 23 20 0.918969
140 107 67 23 20 0.940353
141 107 67 23 20 0.944878
142 107 67 23 20 0.939412
143 107 67 23 20 0.934056
144 107 67 23 20 0.935608
145 107 67 23 20 0.932323
146 107 67 23 20 0.928356
147 107 67 23 20 0.909111
148 108 67 23 20 0.843083
149 109 67 23 20 0.675009
150 110 67 23 20 0.561476
151 111 67 23 20 0.873293
152 111 67 23 20 0.915692
153 111 67 23 20 0.935633
154 111 67 23 20 0.933059
155 111 67 23 20 0.922850
156 111 67 23 20 0.911331
157 111 67 23 20 0.914589
158 111 67 23 20 0.916027
159 111 67 23 20 0.919176
160 111 67 23 20 0.901405
161 111 67 23 20 0.869660
162 111 67 23 20 0.790062
163 112 67 23 20 0.848874
164 112 67 23 20 0.787122
165 112 67 23 20 0.724414
166 112 67 23 20 0.668860
167 112 67 23 20 0.671713
168 112 67 23 20 0.680832
169 112 67 23 20 0.665622
170 112 67 23 20 0.689102
171 112 67 23 20 0.700191
172 112 67 23 20 0.722012
173 112 67 23 20 0.729928
174 112 67 23 20 0.724264
175 112 67 23 20 0.723330
176 112 67 23 20 0.718263
177 112 67 23 20 0.718292
178 112 67 23 20 0.703205
179 112 67 23 20 0.708452
180 112 67 23 20 0.717285
181 112 67 23 20 0.734627
182 112 67 23 20 0.740985
183 112 67 23 20 0.758360
184 112 67 23 20 0.779884
185 112 67 23 20 0.791599
186 112 67 23 20 0.801296
187 112 67 23 20 0.818013
188 112 67 23 20 0.837139
189 112 67 23 20 0.845260
190 112 67 23 20 0.838627
191 112 67 23 20 0.827582
192 112 67 23 20 0.823808
193 112 67 23 20 0.807668
194 112 67 23 20 0.796088
195 112 67 23 20 0.773784
196 112 67 23 20 0.766681
197 112 67 23 20 0.759320
198 112 67 23 20 0.766067
199 112 67 23 20 0.776867
200 112 67 23 20 0.780730
201 112 67 23 20 0.799917
202 112 67 23 20 0.824554
203 112 67 23 20 0.838704
204 112 67 23 20 0.856165
205 112 67 23 20 0.858953
206 112 67 23 20 0.855915
207 112 67 23 20 0.858774
208 112 67 23 20 0.844572
209 112 67 23 20 0.838714
210 112 67 23 20 0.841204
211 112 67 23 20 0.841026
212 112 67 23 20 0.834682
213 112 67 23 20 0.848872
214 112 67 23 20 0.853123
215 112 67 23 20 0.849723
216 112 67 23 20 0.850577
217 112 67 23 20 0.846142
218 112 67 23 20 0.843603
219 112 67 23 20 0.838682
220 112 67 23 20 0.845993
221 112 67 23 20 0.857143
222 112 67 23 20 0.849716
223 112 67 23 20 0.825965
224 112 67 23 20 0.834135
225 112 67 23 20 0.845619
226 112 67 23 20 0.847506
227 112 67 23 20 0.846743
228 112 67 23 20 0.835145
229 112 67 23 20 0.811859
230 112 67 23 20 0.755982
231 112 67 23 20 0.703293
232 112 67 23 20 0.674707
233 112 67 23 20 0.691342
234 112 67 23 20 0.684816
235 112 67 23 20 0.692473
236 112 67 23 20 0.685489
237 112 67 23 20 0.695656
238 112 67 23 20 0.688180
239 112 67 23 20 0.690399
240 112 67 23 20 0.685127
241 112 67 23 20 0.694601
242 112 67 23 20 0.689472
243 112 67 23 20 0.687166
244 112 67 23 20 0.686159
245 112 67 23 20 0.686454
246 112 67 23 20 0.682065
247 112 67 23 20 0.688278
248 112 67 23 20 0.688090
249 112 67 23 20 0.682877
250 112 67 23 20 0.686827
251 112 67 23 20 0.700946
252 112 67 23 20 0.706700
253 112 67 23 20 0.702507
254 112 67 23 20 0.704529
255 112 67 23 20 0.707559
256 112 67 23 20 0.697936
257 112 67 23 20 0.719078
258 112 67 23 20 0.754968
259 112 67 23 20 0.777693
260 112 67 23 20 0.820037
261 112 67 23 20 0.828837
262 112 67 23 20 0.801000
263 112 67 23 20 0.732262
264 111 67 23 20 0.815660
265 110 67 23 20 0.851566
266 109 67 23 20 0.950184
267 108 67 23 20 0.940374
268 107 67 23 20 0.807516
269 106 67 23 20 0.852213
270 105 67 24 20 0.826352
271 105 67 24 20 0.802417
272 105 67 24 20 0.787220
273 105 67 24 20 0.780556
274 105 67 24 20 0.788417
275 105 67 24 20 0.813100
276 105 67 24 20 0.830885
277 105 67 24 20 0.842630
278 105 67 24 20 0.849714
279 105 67 24 20 0.842131
280 105 67 24 20 0.844828
281 105 67 24 20 0.845853
282 105 67 24 20 0.846129
283 105 67 24 20 0.827716
284 105 67 24 20 0.805360
285 105 67 24 20 0.784369
286 105 67 24 20 0.763965
287 104 67 25 21 0.762310
288 104 67 25 21 0.780396
289 104 67 25 21 0.795645
290 104 67 25 21 0.809231
291 104 67 25 21 0.817780
292 104 67 25 21 0.805888
293 104 67 25 21 0.807805
294 104 67 25 21 0.809497
295 104 67 25 21 0.807531
296 104 67 25 21 0.804846
297 104 67 25 21 0.800052
298 104 67 25 21 0.807475
299 104 67 25 21 0.809465
300 104 67 25 21 0.805479
301 104 67 25 21 0.791410
302 104 67 25 21 0.783025
303 104 67 25 21 0.799108
304 104 67 25 21 0.753832
305 104 67 25 21 0.739646
306 104 67 25 21 0.722317
307 104 67 25 21 0.707262
308 104 67 25 21 0.705477
309 104 67 25 21 0.701348
310 104 67 25 21 0.711402
311 104 67 25 21 0.722585
312 104 67 25 21 0.736627
313 104 67 25 21 0.752472
314 104 67 25 21 0.778031
315 104 67 25 21 0.804997
316 104 67 25 21 0.807268
317 104 67 25 21 0.801906
318 104 67 25 21 0.795939
319 104 67 25 21 0.767457
320 104 67 25 21 0.747535
321 104 67 25 21 0.716067
322 104 67 25 21 0.697317
323 104 67 25 21 0.705907
324 104 67 25 21 0.701624
325 104 67 25 21 0.699076
326 104 67 25 21 0.707082
327 104 67 25 21 0.715247
328 104 67 25 21 0.722675
329 104 67 25 21 0.725965
330 104 67 25 21 0.728184
331 104 67 25 21 0.732135
332 104 67 25 21 0.730777
333 104 67 25 21 0.719768
334 104 67 25 21 0.719540
335 104 67 25 21 0.711968
336 104 67 25 21 0.710353
337 104 67 25 21 0.717846
338 104 67 25 21 0.716063
339 104 67 25 21 0.719945
340 104 67 25 21 0.723161
341 104 67 25 21 0.732777
342 104 67 25 21 0.730371
343 104 67 25 21 0.732965
344 104 67 25 21 0.724206
345 104 67 25 21 0.724575
346 104 67 25 21 0.716371
347 104 67 25 21 0.705455
348 104 67 25 21 0.700527
349 104 67 25 21 0.694657
350 104 67 25 21 0.699274
351 104 67 25 21 0.700891
352 104 67 25 21 0.708474
353 104 67 25 21 0.731934
354 104 67 25 21 0.810355
355 103 67 25 21 0.730324
356 103 67 25 21 0.797661
357 102 67 25 21 0.700805
358 102 67 25 21 0.681885
359 102 67 25 21 0.680282
360 102 67 25 21 0.685694
361 102 67 25 21 0.690554
362 102 67 25 21 0.688311
363 102 67 25 21 0.665209
364 102 67 25 21 0.667244
365 102 67 25 21 0.682614
366 102 67 25 21 0.686213
367 102 67 25 21 0.686603
368 102 67 25 21 0.684207
369 102 67 25 21 0.686256
370 102 67 25 21 0.694276
371 102 67 25 21 0.687730
372 102 67 25 21 0.688180
373 102 67 25 21 0.684277
374 102 67 25 21 0.690547
375 102 67 25 21 0.680826
376 102 67 25 21 0.664263
377 102 67 25 21 0.664355
378 102 67 25 21 0.646681
379 102 67 25 21 0.979984
380 102 67 25 21 0.944175
381 102 67 25 21 0.905613
382 102 67 25 21 0.895966
383 102 67 25 21 0.903091
384 102 67 25 21 0.927416
385 102 67 25 21 0.938776
386 102 67 25 21 0.951247
387 102 67 25 21 0.954268
388 102 67 25 21 0.958948
389 102 67 25 21 0.961098
390 102 67 25 21 0.965341
391 102 67 25 21 0.962630
392 102 67 25 21 0.964843
393 102 67 25 21 0.967844
394 102 67 25 21 0.968163
395 102 67 25 21 0.971530
396 102 67 25 21 0.971887
397 102 67 25 21 0.969557
398 102 67 25 21 0.963045
399 102 67 25 21 0.951180
400 102 67 25 21 0.935177
401 102 67 25 21 0.917701
402 102 67 25 21 0.900548
403 102 67 25 21 0.886139
404 102 67 25 21 0.880297
405 102 67 25 21 0.881751
406 102 67 25 21 0.870463
407 102 67 25 21 0.860913
408 102 67 25 21 0.842834
409 102 67 25 21 0.815164
410 102 67 25 21 0.812255
411 102 67 25 21 0.816970
412 102 67 25 21 0.839836
413 102 67 25 21 0.868320
414 102 67 25 21 0.895743
415 102 67 25 21 0.916523
416 102 67 25 21 0.928423
417 102 67 25 21 0.940381
418 102 67 25 21 0.951334
419 102 67 25 21 0.958314
420 102 67 25 21 0.965087
421 102 67 25 21 0.972039
422 102 67 25 21 0.972101
423 102 67 25 21 0.975112
424 102 67 25 21 0.978260
425 102 67 25 21 0.976807
426 102 67 25 21 0.975655
427 102 67 25 21 0.978603
428 102 67 25 21 0.976749
429 102 67 25 21 0.973801
430 102 67 25 21 0.971251
431 102 67 25 21 0.972545
432 102 67 25 21 0.975517
433 102 67 25 21 0.970194
434 102 67 25 21 0.951617
435 102 67 25 21 0.926648
436 102 67 25 21 0.907848
437 102 67 25 21 0.898531
438 102 67 25 21 0.892341
439 102 67 25 21 0.880297
440 102 67 25 21 0.866925
441 102 67 25 21 0.846859
442 102 67 25 21 0.814779
443 102 67 25 21 0.786777
444 102 67 25 21 0.763979
445 102 67 25 21 0.733271
446 102 67 25 21 0.722798
447 102 67 25 21 0.712151
448 102 67 25 21 0.716722
449 102 67 25 21 0.718516
450 102 67 25 21 0.727259
451 102 67 25 21 0.734694
452 102 67 25 21 0.751907
453 102 67 25 21 0.759016
454 102 67 25 21 0.763015
455 102 67 25 21 0.754075
456 102 67 25 21 0.743822
457 102 67 25 21 0.711847
458 102 67 25 21 0.704598
459 102 67 25 21 0.703205
460 102 68 24 20 0.709543
461 102 68 24 20 0.726783
462 102 68 24 20 0.750583
463 102 68 24 20 0.786989
464 102 68 24 20 0.807963
465 102 68 24 20 0.808717
466 102 68 24 20 0.821052
467 102 68 24 20 0.813420
468 102 68 24 20 0.804807
469 102 68 24 20 0.781416
470 102 68 24 20 0.752074
471 102 68 24 20 0.739867
472 102 68 24 20 0.730148
473 102 68 24 20 0.732932
474 102 68 24 20 0.728763
475 102 68 24 20 0.726156
476 102 68 24 20 0.720913
477 102 68 24 20 0.723544
478 102 68 24 20 0.731092
479 102 68 24 20 0.736651
480 102 68 24 20 0.764066
481 102 68 24 20 0.772071
482 102 68 24 20 0.781252
483 102 68 24 20 0.789726
484 102 68 24 20 0.790968
485 102 68 24 20 0.789637
486 102 68 24 20 0.784354
487 102 68 24 20 0.779634
488 102 68 24 20 0.782560
489 102 68 24 20 0.797327
490 102 68 24 20 0.820570
491 102 68 24 20 0.833980
492 102 68 24 20 0.832432
493 102 68 24 20 0.825332
494 102 68 24 20 0.817435
495 102 68 24 20 0.811300
496 102 68 24 20 0.796307
497 102 68 24 20 0.790095
498 102 68 24 20 0.783586
499 102 68 24 20 0.785420
500 102 68 24 20 0.797169
501 102 68 24 20 0.811315
502 102 68 24 20 0.834380
503 102 68 24 20 0.838082
504 102 68 24 20 0.848253
505 102 68 24 20 0.852264
506 102 68 24 20 0.846262
507 102 68 24 20 0.848463
508 102 68 24 20 0.853257
509 102 68 24 20 0.855816
510 102 68 25 21 0.823027
511 102 68 25 21 0.807422
512 102 68 25 21 0.796317
513 102 68 25 21 0.786127
514 102 68 25 21 0.787176
515 102 68 25 21 0.791301
516 102 68 25 21 0.790166
517 102 68 25 21 0.784818
518 102 68 25 21 0.786075
519 102 68 25 21 0.779111
520 102 68 25 21 0.770416
521 102 68 25 21 0.770561
522 102 68 25 21 0.774394
523 102 68 25 21 0.784605
524 102 68 24 21 0.795729
525 102 68 24 21 0.797563
526 102 68 24 21 0.802010
527 102 68 24 21 0.807760
528 102 68 24 21 0.786353
529 102 68 24 21 0.786042
530 102 68 24 21 0.787082
531 102 68 24 21 0.767635
532 102 68 24 21 0.748967
533 102 68 24 21 0.750444
534 102 68 24 21 0.756683
535 102 68 24 21 0.760292
536 102 68 24 21 0.754245
537 102 68 24 21 0.743418
538 102 68 24 21 0.723860
539 102 68 24 21 0.703029
540 102 68 24 21 0.722806
541 102 68 24 21 0.754391
542 102 68 24 21 0.756681
543 102 68 24 21 0.765845
544 102 68 24 21 0.732566
545 102 68 24 21 0.683838
546 102 68 24 21 0.676137
547 102 68 24 21 0.665162
548 103 68 24 21 0.704121
549 103 68 24 21 0.687498
550 103 68 24 21 0.675245
551 103 68 24 21 0.662988
552 102 68 25 22 0.650053
553 102 68 25 22 0.659787
554 102 68 25 22 0.686436
555 101 68 25 22 0.670470
556 100 68 24 21 0.713889
557 99 68 24 21 0.712435
558 98 68 24 21 0.699390
559 98 68 24 21 0.682880
560 98 68 24 21 0.670284
561 98 68 24 21 0.670579
562 98 68 24 21 0.673574
563 98 68 24 21 0.671792
564 98 68 24 21 0.663781
565 98 68 24 21 0.621807
566 98 68 24 21 0.956713
567 98 68 24 21 0.959852
568 98 68 24 21 0.976877
569 98 68 24 21 0.968232
570 98 68 24 21 0.968841
571 98 68 24 21 0.968989
572 98 68 24 21 0.975373
573 98 68 24 21 0.976703
574 98 68 24 21 0.975381
575 98 68 24 21 0.966644
576 98 68 24 21 0.965142
577 98 68 24 21 0.974436
578 98 68 24 21 0.970019
579 98 68 24 21 0.966129
580 98 68 25 22 0.843255
581 98 68 25 22 0.872830
582 98 68 25 22 0.893497
583 98 68 25 22 0.894304
584 98 68 25 22 0.889347
585 98 68 25 22 0.873254
586 98 68 25 22 0.829652
587 98 68 25 22 0.795447
588 98 68 25 22 0.794211
589 98 68 25 22 0.781094
590 98 68 25 22 0.753213
591 98 68 25 22 0.649156
592 98 68 25 22 0.834744
593 97 68 25 22 0.878374
594 96 68 25 22 0.909802
595 95 68 25 22 0.900904
596 94 68 25 22 0.900609
597 93 68 25 22 0.841028
598 93 68 25 22 0.840681
599 93 68 25 22 0.913494
600 94 68 25 22 0.850857
601 95 68 25 22 0.825316
602 96 68 25 22 0.874411
603 97 68 25 22 0.854415
604 98 68 25 22 0.861157
605 98 68 25 22 0.928918
606 98 68 25 22 0.926025
607 98 68 25 22 0.927961
608 98 68 25 22 0.910548
609 98 68 25 22 0.836336
610 97 68 25 22 0.915221
611 97 68 25 22 0.844296
612 97 68 25 22 0.850175
613 97 68 25 22 0.837211
614 97 68 26 23 0.884332
615 97 68 26 23 0.910471
616 97 68 26 23 0.891598
617 97 68 26 23 0.766985
618 96 68 26 23 0.807878
619 95 68 26 23 0.850038
620 94 68 26 23 0.863842
621 93 68 26 23 0.878057
622 92 68 26 23 0.866659
623 91 68 26 23 0.852591
624 89 68 26 23 0.862826
625 86 68 26 23 0.823407
626 83 68 26 23 0.741571
627 79 68 26 23 0.716833
628 75 68 26 23 0.688288
629 71 68 27 24 0.579971
630 67 68 27 24 0.965888
631 63 68 27 24 0.917498
632 59 68 27 24 0.844177
633 56 68 27 24 0.791995
634 53 68 27 24 0.713334
635 51 68 27 24 0.669067
636 49 69 27 24 0.671950
637 47 70 27 24 0.645409
638 46 71 27 24 0.931285
639 44 72 28 24 0.943700
640 42 73 28 24 0.946230
641 40 74 28 24 0.822434
642 38 76 28 24 0.775771
643 37 78 28 24 0.833323
644 36 79 28 24 0.839130
645 36 79 28 24 0.842864
646 36 79 28 24 0.820617
647 36 79 28 24 0.807668
648 36 79 28 24 0.793624
649 36 80 28 24 0.827743
650 36 80 28 24 0.801407
651 36 80 28 24 0.790621
652 36 80 28 24 0.794861
653 36 80 28 24 0.776420
654 36 80 28 24 0.735368
655 35 80 28 24 0.711371
656 34 80 28 24 0.655398
657 33 80 28 24 0.601016
658 32 80 28 24 0.943336
659 32 80 28 24 0.937984
660 31 80 28 24 0.816722
661 31 80 28 24 0.834466
662 31 80 28 24 0.823673
663 31 80 28 24 0.815021
664 31 80 28 24 0.820830
665 31 80 28 24 0.834794
666 31 80 28 24 0.832400
667 31 80 28 24 0.868199
668 31 80 28 24 0.885190
669 31 80 28 24 0.908377
670 31 80 28 24 0.903571
671 31 80 28 24 0.904869
672 31 80 28 24 0.905186
673 31 80 28 24 0.874711
674 31 80 28 24 0.822414
675 31 79 28 24 0.621270
676 32 78 28 24 0.916927
677 33 78 28 24 0.910439
678 35 78 28 24 0.812196
679 37 77 28 24 0.806472
680 39 77 28 24 0.877786
681 41 77 28 24 0.906440
682 42 77 28 24 0.878243
683 43 77 28 24 0.854099
684 44 77 28 24 0.801329
685 44 77 28 24 0.758246
686 44 77 28 24 0.711357
687 44 77 28 24 0.721353
688 44 77 28 24 0.736734
689 44 77 28 24 0.733283
690 44 77 28 24 0.731960
691 44 77 28 24 0.721477
692 45 77 28 24 0.739846
693 45 77 28 24 0.741980
694 44 77 28 24 0.699295
695 44 77 28 24 0.729151
696 44 77 28 24 0.734324
697 44 77 28 24 0.724513
698 44 77 28 24 0.759044
699 43 78 28 24 0.703551
700 42 78 28 24 0.775155
701 41 78 28 24 0.845256
702 40 78 28 24 0.869295
703 39 78 28 24 0.831901
704 39 78 28 24 0.879178
705 39 78 28 24 0.884041
706 39 78 28 24 0.878781
707 39 78 28 24 0.855647
708 39 78 28 24 0.826598
709 39 78 28 24 0.767945
710 39 78 28 24 0.773546
711 39 78 28 24 0.755704
712 39 78 28 24 0.756148
713 39 78 28 24 0.745496
714 39 78 28 24 0.744454
715 39 78 28 24 0.766058
716 39 78 28 24 0.755734
717 39 78 28 24 0.759151
718 39 78 28 24 0.743804
719 39 78 28 24 0.736116
720 39 78 28 24 0.734639
721 39 78 28 24 0.728364
722 39 78 28 24 0.723073
723 39 78 28 24 0.710398
724 39 78 28 24 0.709830
725 39 78 28 24 0.694865
726 39 78 28 24 0.698451
727 39 78 28 24 0.692429
728 39 78 28 24 0.681518
729 39 78 28 24 0.680257
730 39 78 28 24 0.666749
731 39 78 28 24 0.664744
732 39 78 28 24 0.654779
733 39 78 28 24 0.650211
734 39 78 28 24 0.630030
735 39 78 28 24 0.969987
736 39 78 28 24 0.939852
737 39 78 28 24 0.906584
738 39 78 28 24 0.884200
739 39 78 28 24 0.862753
740 39 78 28 24 0.827370
741 39 78 28 24 0.806526
742 39 78 28 24 0.807873
743 39 78 28 24 0.811270
744 39 78 28 24 0.822147
745 39 78 28 24 0.835127
746 39 78 28 24 0.839237
747 39 78 28 24 0.843203
748 39 78 28 24 0.848060
749 39 78 28 24 0.845243
750 39 78 28 24 0.833514
751 39 78 28 24 0.821947
752 39 78 28 24 0.810794
753 39 78 28 24 0.815763
754 39 78 28 24 0.797768
755 39 78 28 24 0.782740
756 39 78 28 24 0.777105
757 39 78 28 24 0.753640
758 39 78 28 24 0.733229
759 39 78 28 24 0.727683
760 39 78 28 24 0.714682
761 39 78 28 24 0.698149
762 39 78 28 24 0.690038
763 39 78 28 24 0.679090
764 39 78 28 24 0.667928
765 39 78 28 24 0.657887
766 39 78 28 24 0.645469
767 39 78 28 24 0.985662
768 39 78 28 24 0.984527
769 39 78 28 24 0.981445
770 39 78 28 24 0.984838
771 39 78 28 24 0.980352
772 39 78 28 24 0.979913
773 39 78 28 24 0.978164
774 39 78 28 24 0.972015
775 39 78 28 24 0.966428
776 39 78 28 24 0.972245
777 39 78 28 24 0.973682
778 39 78 28 24 0.979079
779 39 78 28 24 0.979838
780 39 78 28 24 0.972206
781 39 78 28 24 0.961668
782 39 78 28 24 0.960349
783 39 78 28 24 0.955277
784 39 78 28 24 0.953945
785 39 78 28 24 0.953451
786 39 78 28 24 0.940105
787 39 78 28 24 0.936715
788 39 78 28 24 0.941293
789 39 78 28 24 0.946456
790 39 78 28 24 0.941188
791 39 78 28 24 0.936810
792 39 78 28 24 0.937339
793 39 78 28 24 0.946990
794 39 78 28 24 0.954169
795 39 78 28 24 0.951858
796 39 78 28 24 0.952687
797 39 78 28 24 0.948487
798 39 78 28 24 0.939189
799 39 78 28 24 0.950447
800 39 78 28 24 0.965418
801 39 78 28 24 0.959189
802 39 78 28 24 0.941088
803 39 78 28 24 0.899197
804 39 78 28 24 0.869233
805 39 78 28 24 0.861921
806 39 78 28 24 0.854337
807 39 78 28 24 0.835676
808 39 78 28 24 0.777062
809 39 78 28 24 0.713794
810 39 78 28 24 0.767433
811 39 78 28 24 0.765045
812 39 78 28 24 0.681597
813 39 78 28 24 0.655681
814 39 78 28 24 0.661638
815 39 78 28 24 0.647896
816 39 78 28 24 0.983583
817 39 78 28 24 0.979388
818 39 78 28 24 0.977514
819 39 78 28 24 0.972053
820 39 78 28 24 0.962505
821 39 78 28 24 0.953378
822 39 78 28 24 0.937249
823 39 78 28 24 0.941755
824 39 78 28 24 0.959802
825 39 78 28 24 0.936633
826 39 78 28 24 0.908362
827 39 78 28 24 0.906166
828 39 78 28 24 0.929189
829 39 78 28 24 0.947506
830 39 78 28 24 0.961041
831 39 78 28 24 0.978392
832 39 78 28 24 0.980043
833 39 78 28 24 0.973587
834 39 78 28 24 0.972715
835 39 78 28 24 0.978678
836 39 78 28 24 0.979365
837 39 78 28 24 0.968312
838 39 78 28 24 0.904073
839 39 78 28 24 0.866587
840 39 78 28 24 0.830525
841 39 78 28 24 0.817085
842 39 78 28 24 0.815376
843 39 78 28 24 0.838449
844 39 78 28 24 0.874565
845 39 78 28 24 0.880289
846 39 78 28 24 0.871331
847 39 78 28 24 0.852006
848 39 78 28 24 0.839962
849 39 78 28 24 0.869221
850 39 78 28 24 0.873526
851 39 78 28 24 0.879832
852 39 78 27 23 0.863717
853 39 78 27 23 0.842491
854 39 78 27 23 0.842271
855 39 78 27 23 0.823211
856 39 78 27 23 0.842481
857 39 78 27 23 0.855647
858 39 78 27 23 0.873947
859 39 78 27 23 0.896090
860 39 78 27 23 0.907806
861 39 78 27 23 0.909232
862 39 78 27 23 0.922843
863 39 78 27 23 0.928255
864 39 78 27 23 0.932029
865 39 78 27 23 0.931787
866 39 78 27 23 0.937579
867 39 78 27 23 0.934611
868 39 78 27 23 0.930645
869 39 78 27 23 0.929866
870 39 78 27 23 0.926446
871 39 78 27 23 0.929441
872 39 78 27 23 0.911386
873 39 78 27 23 0.881471
874 39 78 27 23 0.865106
875 39 78 27 23 0.852604
876 39 78 27 23 0.856663
877 39 78 27 23 0.861388
878 39 78 27 23 0.831018
879 38 78 27 23 0.785389
880 37 78 27 23 0.784268
881 37 78 27 23 0.836934
882 37 78 27 23 0.849379
883 37 78 27 23 0.813406
884 37 78 27 23 0.787219
885 38 78 26 23 0.804911
886 39 78 26 23 0.816493
887 40 78 26 23 0.823177
888 41 78 26 23 0.854845
889 41 78 26 23 0.825052
890 41 78 26 23 0.845362
891 41 78 26 23 0.872734
892 41 78 26 23 0.870627
893 41 78 26 23 0.864573
894 41 78 26 23 0.821401
895 41 78 26 23 0.821194
896 41 78 26 23 0.843940
897 41 78 26 23 0.843220
898 41 78 26 23 0.840326
899 41 78 26 23 0.807111
900 41 78 26 23 0.779839
901 41 78 26 23 0.784013
902 41 78 26 23 0.778395
903 41 78 26 23 0.743372
904 41 78 26 23 0.724562
905 41 78 26 23 0.729908
906 41 78 26 23 0.729273
907 41 78 26 23 0.715207
908 41 78 26 23 0.704569
909 41 78 26 23 0.715144
910 41 78 26 23 0.701362
911 41 78 26 23 0.705213
912 41 78 26 23 0.731860
913 41 78 26 23 0.766833
914 41 78 26 23 0.743302
915 41 78 26 23 0.705424
916 41 78 26 23 0.655659
917 41 78 26 23 0.654306
918 41 78 26 23 0.633387
919 42 78 26 23 0.925023
920 43 78 26 23 0.831528
921 43 78 26 23 0.904682
922 43 78 26 23 0.968476
923 43 78 26 23 0.960816
924 43 77 26 23 0.936125
925 43 77 26 23 0.952851
926 43 77 26 23 0.902579
927 43 77 26 23 0.866287
928 43 77 26 23 0.877307
929 43 77 26 23 0.886306
930 43 77 26 23 0.866349
931 43 77 26 23 0.883184
932 43 77 26 23 0.898985
933 43 77 26 23 0.898333
934 43 77 26 23 0.893953
935 43 77 26 23 0.874512
936 43 77 26 23 0.859753
937 43 77 26 23 0.853937
938 43 77 26 23 0.858453
939 43 77 26 23 0.871487
940 43 77 26 23 0.861840
941 43 77 26 23 0.871508
942 43 77 26 23 0.875220
943 43 77 26 23 0.879315
944 43 77 26 23 0.862756
945 43 77 26 23 0.869110
946 43 77 26 23 0.855090
947 43 77 26 23 0.823212
948 43 77 26 23 0.756092
949 43 77 26 23 0.723443
950 43 77 26 23 0.742527
951 43 77 26 23 0.717694
952 43 77 26 23 0.732597
953 43 77 26 23 0.782291
954 43 77 26 23 0.793982
955 43 77 26 23 0.794399
956 42 77 26 23 0.792010
957 42 77 26 23 0.837428
958 42 77 26 23 0.831338
959 42 77 26 23 0.803339
960 42 77 26 23 0.780248
961 42 77 26 23 0.784832
962 42 77 26 23 0.809850
963 42 77 26 23 0.808476
964 42 77 26 23 0.810571
965 42 77 26 23 0.833604
966 42 77 26 23 0.872162
967 42 77 26 23 0.881958
968 42 77 26 23 0.865339
969 42 77 26 23 0.871217
970 42 77 26 23 0.872823
971 41 78 26 23 0.877995
972 40 78 26 23 0.927834
973 40 78 26 23 0.884196
974 39 78 26 23 0.945523
975 38 79 26 23 0.905239
976 37 79 26 23 0.881720
977 36 79 26 23 0.814232
978 35 79 26 23 0.851331
979 32 79 26 23 0.792759
980 29 79 26 23 0.768107
981 25 79 27 24 0.672771
982 22 80 27 24 0.660724
983 19 82 27 24 0.644101
984 17 84 27 24 0.937969
985 16 86 27 24 0.824095
986 15 87 27 24 0.899699
987 16 87 27 24 0.890658
988 18 85 28 25 0.915036
989 22 83 28 25 0.909418
990 26 80 28 25 0.832988
991 31 77 29 26 0.714008
992 37 74 29 26 0.610244
993 44 72 28 25 0.945492
994 50 70 28 25 0.890471
995 56 68 28 25 0.809831
996 62 67 28 25 0.751807
997 68 66 28 25 0.684484
998 73 65 27 25 0.667527
999 88 65 30 27 0.678519
1000 92 63 30 27 0.696463
1001 95 61 30 27 0.611082
1002 98 59 30 27 0.585307
1003 101 57 30 27 0.805795
1004 105 55 30 27 0.779974
1005 108 54 30 27 0.732250
1006 111 54 30 27 0.796000
1007 113 54 30 27 0.744360
1008 115 54 30 27 0.786656
1009 116 54 30 27 0.780032
1010 117 54 30 27 0.773010
1011 117 54 30 27 0.765897
1012 117 54 30 27 0.754371
1013 117 53 30 27 0.756813
1014 117 52 30 27 0.726679
1015 117 51 30 27 0.649116
1016 116 50 30 27 0.939519
1017 115 49 30 27 0.878631
1018 114 47 30 27 0.882142
1019 113 46 30 27 0.823190
1020 112 45 30 27 0.777816
1021 111 45 30 27 0.717260
1022 110 45 30 27 0.686243
1023 109 44 30 27 0.650243
1024 108 43 30 27 0.626028
1025 107 42 30 27 0.914091
1026 106 41 30 27 0.800864
1027 105 40 30 27 0.694761
1028 105 40 30 27 0.768165
1029 105 40 30 27 0.822592
1030 105 40 30 27 0.744397
1031 105 39 30 27 0.640145
1032 105 38 30 27 0.936132
1033 105 38 30 27 0.840586
1034 105 38 30 27 0.741287
1035 105 38 30 27 0.677068
1036 105 38 30 27 0.654830
1037 104 38 30 27 0.740129
1038 104 38 30 27 0.710671
1039 104 38 30 27 0.690325
1040 104 38 30 27 0.658892
1041 104 38 30 27 0.628905
1042 104 39 30 27 0.964629
1043 104 41 30 27 0.883729
1044 104 45 31 28 0.477795
1045 99 44 30 27 0.550532
1046 100 50 31 28 0.505992
1047 101 57 32 29 0.496751
1048 102 64 33 30 0.512196
1049 102 70 34 31 0.519041
1050 101 74 34 31 0.510347
1051 100 75 35 31 0.533122
1052 98 75 35 31 0.528212
1053 96 74 36 32 0.536641
1054 95 75 36 32 0.536080
1055 94 75 36 32 0.535118
1056 93 75 36 32 0.522352
1057 92 75 36 32 0.518909
1058 90 75 36 32 0.506472
1059 88 75 37 33 0.526765
1060 97 73 30 27 0.665692
1061 96 72 30 27 0.659052
1062 97 71 30 27 0.689039
1063 99 71 29 27 0.561468
1064 101 70 29 27 0.618124
1065 104 70 29 27 0.728302
1066 107 70 29 27 0.665612
1067 110 70 29 27 0.599117
1068 114 71 29 27 0.860084
1069 117 71 30 28 0.796359
1070 120 71 30 28 0.724229
1071 122 71 30 28 0.727833
1072 124 71 30 28 0.670575
1073 125 71 30 28 0.661968
1074 126 71 30 28 0.655275
1075 126 71 30 28 0.646659
1076 126 71 30 28 0.986290
1077 126 71 30 28 0.960036
1078 125 71 31 28 0.954029
1079 125 71 31 28 0.925581
1080 125 71 31 28 0.911031
1081 125 71 31 28 0.915677
1082 125 71 31 28 0.932308
1083 125 71 31 28 0.954384
1084 125 71 31 28 0.957381
1085 126 71 31 28 0.860826
1086 127 71 31 28 0.772159
1087 128 72 31 28 0.681079
1088 129 73 31 28 0.630967
1089 129 76 31 28 0.678359
1090 130 78 30 27 0.669412
1091 130 82 30 27 0.701776
1092 130 82 30 27 0.679430
1093 130 81 30 27 0.688192
1094 130 80 30 27 0.667378
1095 130 79 30 27 0.636055
1096 130 77 30 27 0.848782
1097 130 76 30 27 0.799702
1098 130 76 30 27 0.783456
1099 130 76 30 27 0.734459
1100 130 76 30 27 0.760651
