2 NaN NaN NaN NaN NaN
3 NaN NaN NaN NaN NaN
4 NaN NaN NaN NaN NaN
5 NaN NaN NaN NaN NaN
6 NaN NaN NaN NaN NaN
7 NaN NaN NaN NaN NaN
8 NaN NaN NaN NaN NaN
9 NaN NaN NaN NaN NaN
10 NaN NaN NaN NaN NaN
11 NaN NaN NaN NaN NaN
12 NaN NaN NaN NaN NaN
13 NaN NaN NaN NaN NaN
14 NaN NaN NaN NaN NaN
15 NaN NaN NaN NaN NaN
16 NaN NaN NaN NaN NaN
17 NaN NaN NaN NaN NaN
18 NaN NaN NaN NaN NaN
19 NaN NaN NaN NaN NaN
20 NaN NaN NaN NaN NaN
21 NaN NaN NaN NaN NaN
22 NaN NaN NaN NaN NaN
23 NaN NaN NaN NaN NaN
24 NaN NaN NaN NaN NaN
25 NaN NaN NaN NaN NaN
26 NaN NaN NaN NaN NaN
27 NaN NaN NaN NaN NaN
28 NaN NaN NaN NaN NaN
29 NaN NaN NaN NaN NaN
30 NaN NaN NaN NaN NaN
31 NaN NaN NaN NaN NaN
32 NaN NaN NaN NaN NaN
33 NaN NaN NaN NaN NaN
34 NaN NaN NaN NaN NaN
35 NaN NaN NaN NaN NaN
36 NaN NaN NaN NaN NaN
37 NaN NaN NaN NaN NaN
38 NaN NaN NaN NaN NaN
39 NaN NaN NaN NaN NaN
40 NaN NaN NaN NaN NaN
41 NaN NaN NaN NaN NaN
42 NaN NaN NaN NaN NaN
43 NaN NaN NaN NaN NaN
44 NaN NaN NaN NaN NaN
45 NaN NaN NaN NaN NaN
46 NaN NaN NaN NaN NaN
47 NaN NaN NaN NaN NaN
48 NaN NaN NaN NaN NaN
49 NaN NaN NaN NaN NaN
50 NaN NaN NaN NaN NaN
51 NaN NaN NaN NaN NaN
52 NaN NaN NaN NaN NaN
53 NaN NaN NaN NaN NaN
54 NaN NaN NaN NaN NaN
55 NaN NaN NaN NaN NaN
56 NaN NaN NaN NaN NaN
57 NaN NaN NaN NaN NaN
58 NaN NaN NaN NaN NaN
59 NaN NaN NaN NaN NaN
60 NaN NaN NaN NaN NaN
61 NaN NaN NaN NaN NaN
62 NaN NaN NaN NaN NaN
63 NaN NaN NaN NaN NaN
64 NaN NaN NaN NaN NaN
65 NaN NaN NaN NaN NaN
66 NaN NaN NaN NaN NaN
67 63 63 27 20 0.823691
68 63 63 27 20 0.830116
69 63 63 27 20 0.834123
70 63 63 27 20 0.842641
71 67 63 26 20 0.967777
72 67 63 26 20 0.967802
73 67 63 26 20 0.967072
74 67 63 26 20 0.965774
75 67 63 26 20 0.964756
76 67 63 26 20 0.961794
77 67 63 26 20 0.963767
78 67 63 26 20 0.963399
79 67 63 26 20 0.970038
80 67 63 26 20 0.967170
81 67 63 26 20 0.969897
82 67 63 26 20 0.948824
83 67 63 26 20 0.870213
84 66 63 26 20 0.964834
85 65 63 26 20 0.944778
86 64 63 26 20 0.914163
87 63 63 26 20 0.899461
88 62 63 26 20 0.886866
89 61 63 26 20 0.819729
90 61 63 26 20 0.882847
91 61 63 26 20 0.885568
92 61 63 26 20 0.818798
93 62 63 26 20 0.903684
94 63 63 26 20 0.898436
95 64 63 26 20 0.854679
96 66 63 26 20 0.947998
97 67 63 26 20 0.907494
98 68 63 26 20 0.910291
99 68 63 26 20 0.830899
100 68 63 26 20 0.822435
101 68 63 26 20 0.872637
102 67 63 26 20 0.758165
103 66 63 26 20 0.697067
104 66 64 25 19 0.652079
105 65 64 25 19 0.675848
106 64 63 25 19 0.648457
107 63 63 25 19 0.975882
108 63 63 25 19 0.986475
109 63 63 25 19 0.984135
110 63 63 25 19 0.971831
111 64 63 25 19 0.971722
112 65 63 25 19 0.949873
113 66 63 25 19 0.941138
114 67 63 25 19 0.900993
115 68 63 25 19 0.865621
116 69 63 25 19 0.901202
117 69 63 25 19 0.896013
118 70 63 25 19 0.884421
119 70 63 25 19 0.859570
120 70 63 25 19 0.884812
121 70 63 24 18 0.964339
122 70 64 23 18 0.867725
123 70 64 23 18 0.890195
124 69 64 24 18 0.908618
125 68 64 24 18 0.903254
126 67 64 24 18 0.908365
127 66 64 24 18 0.914201
128 65 64 24 18 0.922881
129 64 64 24 18 0.917223
130 63 64 24 18 0.927942
131 62 64 24 18 0.909593
132 61 64 24 18 0.912519
133 60 64 24 18 0.908563
134 60 64 24 18 0.855364
135 60 64 24 18 0.826573
136 60 64 24 18 0.861255
137 61 64 24 18 0.808081
138 62 64 24 18 0.850840
139 63 64 24 18 0.840631
140 64 64 24 18 0.865483
141 65 64 24 18 0.856851
142 66 64 24 18 0.881188
143 67 64 25 18 0.960452
144 68 64 25 18 0.955887
145 69 64 25 18 0.905654
146 70 64 25 18 0.783943
147 71 64 25 18 0.641002
148 72 64 25 18 0.921609
149 73 64 25 18 0.755727
150 73 64 26 18 0.601248
151 73 64 26 18 0.966151
152 73 64 26 18 0.905248
153 73 64 26 18 0.861997
154 73 64 26 18 0.815787
155 73 64 26 18 0.847373
156 73 64 26 18 0.865493
157 73 64 26 18 0.875863
158 73 64 26 18 0.878318
159 73 64 26 18 0.872020
160 73 64 26 18 0.855699
161 73 64 26 18 0.842357
162 73 64 26 18 0.863256
163 73 64 26 18 0.854941
164 73 64 26 18 0.808284
165 73 64 26 18 0.757770
166 74 64 25 18 0.775516
167 74 64 25 18 0.824092
168 74 64 25 18 0.840615
169 74 64 25 18 0.832267
170 74 64 25 18 0.815279
171 74 64 25 18 0.901075
172 74 64 25 18 0.877643
173 74 64 25 18 0.852814
174 74 64 25 18 0.833974
175 74 64 25 18 0.834843
176 74 64 25 18 0.836722
177 74 64 25 18 0.845833
178 74 64 25 18 0.844257
179 74 64 24 18 0.831509
180 74 64 24 18 0.896421
181 74 64 24 18 0.906718
182 73 64 24 18 0.896357
183 72 64 24 18 0.908337
184 70 64 24 18 0.850003
185 68 64 24 18 0.882690
186 66 64 24 18 0.841857
187 64 64 24 18 0.842013
188 63 64 24 18 0.804731
189 62 64 24 18 0.788462
190 61 64 24 18 0.857180
191 61 64 24 18 0.806334
192 61 64 24 18 0.804870
193 61 64 24 18 0.863600
194 62 64 24 18 0.801670
195 63 64 24 18 0.826718
196 64 64 24 18 0.904932
197 65 64 24 18 0.930503
198 66 64 24 18 0.913309
199 66 64 24 18 0.940655
200 66 64 24 18 0.944454
201 66 64 24 18 0.928203
202 66 64 24 18 0.886520
203 66 64 24 18 0.892727
204 65 64 24 18 0.829918
205 65 64 24 18 0.886884
206 65 64 24 18 0.899663
207 65 64 24 18 0.895038
208 65 64 24 18 0.895835
209 65 64 24 18 0.891811
210 65 64 24 18 0.891021
211 65 64 24 18 0.889098
212 65 64 24 18 0.874375
213 65 64 24 18 0.827774
214 65 64 24 18 0.841843
215 65 64 24 18 0.882587
216 65 64 24 18 0.903138
217 65 64 24 18 0.915936
218 65 64 23 18 0.897443
219 65 64 23 18 0.887907
220 65 64 23 18 0.879156
221 65 64 23 18 0.845605
222 66 64 23 18 0.853281
223 68 64 23 18 0.870830
224 71 64 23 18 0.888319
225 74 64 23 18 0.883473
226 77 64 23 18 0.881844
227 80 64 24 18 0.790215
228 83 63 24 18 0.794897
229 86 63 24 18 0.738792
230 88 63 25 18 0.687292
231 90 63 26 18 0.670276
232 92 63 26 18 0.651759
233 94 63 27 18 0.724367
234 96 63 26 18 0.696450
235 98 63 26 18 0.568799
236 100 63 26 18 0.825579
237 102 63 26 18 0.764972
238 103 63 26 18 0.842157
239 105 63 26 18 0.751301
240 106 63 26 18 0.830429
241 107 63 26 18 0.841293
242 108 63 26 18 0.814860
243 109 63 26 18 0.810959
244 110 63 26 18 0.734081
245 111 63 25 17 0.779317
246 111 63 25 17 0.779253
247 111 63 25 17 0.738815
248 111 63 25 17 0.698461
249 111 63 25 17 0.662918
250 111 63 25 17 0.645654
251 111 63 25 17 0.982515
252 111 63 25 17 0.981038
253 111 63 25 17 0.984128
254 111 63 25 17 0.983115
255 111 63 25 17 0.977502
256 111 63 25 17 0.952409
257 111 63 25 17 0.933289
258 111 63 25 17 0.931755
259 111 63 25 17 0.944583
260 111 63 25 17 0.936778
261 111 63 25 17 0.933173
262 111 63 25 17 0.923586
263 111 63 25 17 0.877909
264 111 64 25 17 0.867689
265 111 66 25 17 0.833264
266 111 67 26 18 0.884811
267 111 68 27 19 0.843466
268 111 69 28 19 0.825747
269 111 70 29 20 0.790814
270 112 71 29 20 0.759451
271 112 72 30 20 0.706079
272 113 72 30 20 0.692392
273 114 72 30 20 0.707205
274 116 72 30 20 0.680547
275 118 72 29 19 0.737453
276 120 72 29 19 0.744852
277 122 72 29 19 0.759355
278 124 72 29 19 0.777567
279 126 72 29 19 0.764670
280 127 72 29 19 0.766688
281 128 72 29 19 0.765245
282 128 72 30 20 0.711206
283 128 72 30 20 0.720944
284 128 72 30 20 0.713831
285 127 72 30 20 0.725002
286 126 72 30 20 0.729125
287 125 72 30 20 0.727901
288 124 72 31 20 0.701926
289 122 71 33 21 0.708841
290 122 71 33 21 0.698765
291 122 71 33 21 0.688667
292 122 71 33 21 0.678703
293 122 71 33 21 0.677295
294 122 71 33 21 0.666408
295 122 71 33 21 0.666769
296 122 71 33 21 0.659623
297 122 71 33 21 0.648252
298 122 71 33 21 0.991456
299 122 71 33 21 0.991082
300 122 71 33 21 0.990787
301 122 71 33 21 0.987332
302 122 71 33 21 0.983597
303 122 71 33 21 0.982105
304 122 71 33 21 0.983842
305 122 71 33 21 0.979892
306 122 71 33 21 0.971932
307 122 71 33 21 0.965343
308 122 71 33 21 0.950716
309 122 71 33 21 0.939319
310 122 71 33 21 0.916623
311 122 71 33 21 0.906393
312 122 71 33 21 0.880920
313 122 71 33 21 0.860383
314 122 71 33 21 0.837320
315 122 71 33 21 0.821760
316 122 71 33 21 0.802661
317 122 71 33 21 0.785930
318 122 71 33 21 0.764973
319 122 71 33 21 0.750978
320 122 71 34 21 0.673878
321 122 71 34 21 0.664799
322 122 71 34 21 0.658281
323 122 71 34 21 0.626273
324 122 71 34 21 0.988988
325 122 71 34 21 0.988936
326 122 71 34 21 0.988349
327 122 71 34 21 0.985883
328 122 71 34 21 0.987679
329 122 71 34 21 0.987190
330 122 71 34 21 0.988341
331 122 71 34 21 0.988515
332 122 71 33 21 0.902987
333 122 72 32 21 0.744934
334 122 74 32 21 0.626887
335 122 76 33 22 0.699724
336 123 78 33 22 0.709718
337 123 79 34 22 0.693183
338 123 80 34 22 0.651437
339 123 81 34 22 0.636026
340 123 82 34 22 0.854085
341 123 83 35 22 0.725469
342 123 84 35 22 0.653626
343 123 84 35 22 0.656055
344 123 84 35 22 0.652442
345 123 84 35 22 0.648573
346 123 84 35 22 0.989821
347 123 84 36 22 0.854410
348 123 84 36 22 0.844264
349 123 84 37 22 0.667460
350 123 84 37 22 0.664023
351 121 80 37 28 0.826888
352 120 79 38 28 0.760534
353 119 78 39 28 0.788468
354 118 77 40 28 0.778244
355 117 75 40 28 0.682164
356 116 73 40 28 0.663782
357 116 71 40 28 0.672056
358 115 69 40 28 0.667947
359 114 67 40 28 0.641340
360 113 66 40 28 0.871961
361 112 65 40 28 0.751118
362 111 64 40 28 0.720909
363 110 63 40 28 0.683786
364 110 62 39 27 0.671759
365 110 61 38 27 0.658506
366 109 60 38 27 0.654858
367 108 60 38 27 0.655155
368 107 60 38 27 0.631665
369 106 60 38 27 0.957587
370 105 60 38 27 0.873528
371 104 60 38 27 0.759067
372 103 60 39 27 0.765724
373 103 60 39 27 0.797782
374 103 60 39 27 0.832192
375 103 60 39 27 0.837092
376 103 60 39 27 0.832618
377 103 60 39 27 0.818958
378 103 60 39 27 0.819381
379 103 60 39 27 0.801076
380 103 60 39 27 0.790152
381 103 60 39 27 0.783283
382 103 60 39 27 0.780168
383 103 60 39 27 0.768617
384 103 60 39 27 0.760476
385 103 60 39 27 0.739378
386 103 60 39 27 0.717772
387 103 60 39 27 0.718647
388 103 60 39 27 0.718280
389 103 60 39 27 0.716901
390 103 60 39 27 0.712147
391 102 60 39 27 0.723861
392 102 60 39 27 0.713458
393 102 60 39 27 0.708029
394 102 60 39 27 0.704166
395 102 60 39 27 0.701532
396 102 60 39 27 0.695570
397 102 60 39 27 0.703247
398 102 60 39 27 0.701648
399 102 60 39 27 0.699846
400 102 60 39 27 0.706612
401 102 60 39 27 0.706773
402 102 60 39 27 0.712833
403 102 60 39 27 0.712817
404 102 60 39 27 0.705190
405 102 60 39 27 0.698281
406 102 60 39 27 0.694412
407 102 60 39 27 0.683939
408 102 60 39 27 0.688727
409 102 60 39 27 0.692259
410 102 60 39 27 0.702443
411 102 60 39 27 0.705705
412 102 60 39 27 0.708811
413 102 60 39 27 0.700859
414 102 60 39 27 0.698715
415 102 60 39 27 0.698237
416 102 60 39 27 0.694763
417 102 60 39 27 0.690860
418 102 60 39 27 0.700047
419 102 60 39 27 0.713419
420 102 60 39 27 0.714258
421 103 60 39 27 0.709631
422 104 60 39 27 0.698191
423 105 60 39 27 0.709995
424 105 60 39 27 0.724960
425 106 60 39 27 0.713534
426 107 60 39 27 0.707254
427 108 60 39 27 0.688631
428 109 60 39 27 0.662070
429 109 60 39 27 0.683640
430 109 60 39 27 0.696425
431 109 60 39 27 0.698432
432 109 60 39 27 0.692883
433 109 60 39 27 0.695479
434 109 60 39 27 0.693236
435 109 60 39 27 0.699497
436 109 60 39 27 0.700070
437 109 60 39 27 0.701524
438 109 60 39 27 0.697654
439 109 60 39 27 0.703685
440 109 60 39 27 0.696243
441 109 60 39 27 0.695833
442 109 60 39 27 0.691712
443 109 60 39 27 0.687993
444 109 60 39 27 0.678801
445 109 60 39 27 0.677352
446 109 60 39 27 0.677395
447 109 60 39 27 0.674839
448 109 60 39 27 0.687568
449 109 60 39 27 0.690433
450 109 60 39 27 0.693022
451 109 60 39 27 0.698073
452 110 60 39 27 0.686838
453 111 60 39 27 0.678590
454 112 60 39 27 0.709152
455 113 60 39 27 0.720866
456 115 60 38 26 0.554992
457 117 60 37 25 0.764840
458 118 60 37 25 0.605286
459 119 60 36 24 0.885646
460 120 60 36 24 0.777141
461 121 61 35 23 0.755807
462 121 61 35 23 0.713406
463 122 61 34 23 0.682437
464 123 61 33 23 0.675102
465 123 61 33 23 0.662217
466 123 61 33 23 0.661091
467 123 61 33 23 0.666491
468 123 61 33 23 0.680001
469 123 61 33 23 0.688787
470 123 61 33 23 0.712369
471 123 61 33 23 0.711724
472 122 61 34 23 0.735565
473 122 61 34 23 0.720035
474 122 61 34 23 0.703956
475 122 61 34 23 0.672943
476 122 61 34 23 0.646622
477 122 61 34 23 0.980721
478 122 61 34 23 0.965298
479 122 61 34 23 0.944262
480 122 61 34 23 0.923034
481 122 61 34 23 0.910569
482 122 61 34 23 0.889490
483 122 61 34 23 0.872354
484 122 61 34 23 0.864091
485 122 61 34 23 0.863920
486 122 61 34 23 0.868643
487 122 61 34 23 0.868019
488 122 61 34 23 0.866088
489 122 61 34 23 0.870290
490 122 61 34 23 0.869223
491 122 61 34 23 0.860652
492 122 61 34 23 0.847620
493 122 61 34 23 0.808221
494 122 61 34 23 0.778904
495 122 61 34 23 0.721602
496 122 61 34 23 0.669381
497 122 61 34 23 0.635312
498 122 61 34 23 0.991396
499 122 61 34 23 0.988640
500 122 61 34 23 0.991408
501 122 61 34 23 0.987077
502 123 61 34 23 0.749237
503 124 61 33 23 0.682175
504 125 61 33 23 0.552037
505 126 61 32 22 0.920657
506 127 61 31 21 0.775170
507 116 62 39 29 0.677257
508 116 62 39 29 0.664466
509 117 62 38 29 0.639299
510 117 62 38 29 0.961603
511 118 62 38 29 0.889294
512 118 62 38 29 0.882896
513 118 62 38 29 0.868455
514 118 62 38 29 0.856476
515 118 62 38 29 0.857580
516 118 62 38 29 0.872338
517 117 62 39 30 0.877500
518 116 62 39 30 0.942357
519 114 62 40 30 0.843275
520 112 62 41 31 0.744870
521 109 62 42 32 0.736622
522 107 62 42 32 0.842292
523 105 62 43 32 0.837630
524 104 62 43 32 0.843766
525 103 62 43 32 0.848419
526 103 62 43 32 0.859571
527 103 62 43 32 0.860446
528 103 62 43 32 0.860948
529 103 62 43 32 0.853612
530 103 62 43 32 0.829369
531 103 62 43 32 0.803113
532 103 62 43 32 0.787043
533 103 62 43 32 0.738785
534 104 62 43 32 0.819603
535 104 62 43 32 0.792947
536 104 62 43 32 0.764056
537 104 62 43 32 0.739517
538 104 62 43 32 0.698016
539 104 62 43 32 0.643068
540 104 62 43 32 0.973906
541 104 62 43 32 0.968069
542 104 62 43 32 0.960130
543 104 62 43 32 0.959810
544 104 62 43 32 0.954914
545 104 62 43 32 0.955907
546 104 62 43 32 0.954476
547 104 62 43 32 0.957004
548 104 62 43 32 0.958406
549 104 62 43 32 0.962959
550 104 62 43 32 0.975652
551 104 62 43 32 0.980376
552 104 62 43 32 0.984891
553 104 62 43 32 0.985952
554 104 62 43 32 0.984048
555 104 62 43 32 0.971437
556 104 62 43 32 0.966240
557 104 62 43 32 0.951441
558 104 62 43 32 0.939521
559 104 62 43 32 0.935851
560 104 62 43 32 0.946898
561 104 62 43 32 0.957148
562 104 62 43 32 0.958648
563 104 62 43 32 0.963334
564 104 62 43 32 0.968363
565 104 62 43 32 0.967992
566 104 62 43 32 0.965704
567 104 62 43 32 0.961382
568 104 62 43 32 0.954556
569 104 62 43 32 0.951896
570 104 62 43 32 0.911671
571 104 62 43 32 0.884820
572 104 62 43 32 0.879965
573 104 62 43 32 0.897661
574 104 62 43 32 0.905109
575 104 62 43 32 0.913761
576 104 62 43 32 0.914151
577 104 62 43 32 0.913337
578 104 62 43 32 0.913274
579 104 62 43 32 0.902055
580 104 62 43 32 0.896641
581 104 62 43 32 0.884104
582 104 62 43 32 0.873555
583 104 62 43 32 0.878397
584 104 62 43 32 0.875747
585 104 62 43 32 0.883210
586 104 62 43 32 0.877875
587 104 62 43 32 0.876240
588 104 62 43 32 0.876293
589 104 62 43 32 0.867025
590 104 62 43 32 0.865351
591 104 62 43 32 0.853179
592 104 62 43 32 0.847140
593 104 62 43 32 0.837543
594 104 62 43 32 0.834887
595 104 62 43 32 0.831608
596 104 62 43 32 0.828739
597 104 62 43 32 0.837303
598 104 62 43 32 0.836769
599 104 62 43 32 0.832418
600 104 62 43 32 0.836668
601 104 62 43 32 0.830055
602 104 62 43 32 0.826993
603 104 62 43 32 0.824381
604 104 62 43 32 0.824920
605 104 62 43 32 0.820638
606 104 62 43 32 0.822910
607 104 62 43 32 0.824813
608 104 62 43 32 0.831243
609 104 62 43 32 0.825456
610 104 62 43 32 0.825818
611 104 62 43 32 0.825373
612 104 62 43 32 0.822528
613 104 62 43 32 0.816591
614 104 62 43 32 0.815699
615 104 62 43 32 0.812048
616 104 62 43 32 0.812500
617 104 62 43 32 0.819004
618 104 62 43 32 0.817718
619 104 62 43 32 0.825207
620 104 62 43 32 0.827202
621 104 62 43 32 0.820810
622 104 62 43 32 0.820137
623 104 62 43 32 0.827143
624 104 62 43 32 0.816641
625 104 62 43 32 0.821781
626 104 62 43 32 0.824607
627 104 62 43 32 0.822390
628 104 62 43 32 0.816142
629 104 62 43 32 0.818044
630 104 62 43 32 0.816673
631 104 62 43 32 0.813345
632 104 62 43 32 0.812569
633 104 62 43 32 0.816465
634 104 62 43 32 0.811495
635 104 62 43 32 0.825180
636 104 62 43 32 0.831970
637 104 62 43 32 0.828663
638 104 62 43 32 0.821244
639 104 62 43 32 0.814658
640 104 62 43 32 0.820565
641 104 62 43 32 0.816661
642 104 62 43 32 0.814946
643 104 62 43 32 0.818790
644 104 62 43 32 0.814235
645 104 62 43 32 0.816757
646 104 62 43 32 0.797306
647 104 62 43 32 0.812053
648 104 62 43 32 0.839655
649 104 62 43 32 0.881961
650 104 62 43 32 0.908644
651 104 62 43 32 0.930325
652 104 62 43 32 0.936191
653 104 62 43 32 0.939863
654 104 62 43 32 0.941258
655 104 62 43 32 0.965988
656 105 62 43 32 0.921738
657 107 62 43 32 0.887985
658 109 62 43 32 0.808429
659 111 62 43 32 0.742987
660 113 62 43 32 0.765456
661 114 62 43 32 0.705591
662 115 62 43 32 0.682853
663 115 62 43 32 0.673253
664 115 62 43 32 0.687921
665 114 62 43 32 0.692105
666 113 62 43 32 0.782427
667 112 62 44 32 0.754329
668 111 62 44 32 0.736463
669 110 62 45 32 0.686339
670 109 62 45 32 0.707263
671 109 62 45 32 0.689352
672 109 62 45 32 0.677360
673 109 62 45 32 0.655415
674 109 62 45 32 0.634697
675 109 62 45 32 0.982176
676 109 62 45 32 0.962422
677 109 62 45 32 0.920987
678 109 62 45 32 0.876364
679 109 62 45 32 0.824743
680 109 62 45 32 0.793950
681 109 62 45 32 0.769157
682 109 62 45 32 0.758983
683 109 62 45 32 0.755545
684 109 62 45 32 0.752524
685 109 62 45 32 0.775617
686 109 62 45 32 0.786428
687 109 62 45 32 0.800445
688 109 62 45 32 0.825018
689 110 62 45 32 0.707167
690 111 62 44 32 0.750405
691 113 63 43 31 0.739500
692 115 64 42 30 0.741889
693 117 65 41 30 0.692738
694 119 66 41 30 0.699028
695 121 67 37 28 0.663927
696 122 69 38 29 0.700494
697 NaN NaN NaN NaN NaN
698 NaN NaN NaN NaN NaN
699 NaN NaN NaN NaN NaN
700 121 81 37 28 0.661958
701 120 82 38 29 0.633990
702 119 82 39 30 0.598662
703 117 82 40 31 0.516543
704 115 81 41 32 0.522719
705 120 73 37 28 0.630051
706 118 72 38 29 0.621946
707 116 71 39 30 0.618619
708 114 70 40 31 0.565731
709 121 65 37 28 0.662205
710 120 65 38 28 0.662207
711 120 65 38 28 0.645865
712 120 65 38 28 0.995422
713 120 65 38 28 0.993478
714 120 65 38 28 0.988760
715 120 65 38 28 0.989302
716 120 65 38 28 0.992331
717 120 65 38 28 0.989096
718 120 65 38 28 0.974397
719 120 65 38 28 0.943078
720 120 65 38 28 0.915752
721 120 65 38 28 0.891141
722 120 65 38 28 0.872240
723 120 65 38 28 0.868790
724 120 65 38 28 0.861490
725 120 65 38 28 0.863616
726 120 65 38 28 0.863334
727 120 65 38 28 0.868387
728 120 65 38 28 0.864187
729 120 65 38 28 0.870435
730 120 65 38 28 0.869819
731 120 65 38 28 0.868087
732 120 65 38 28 0.863111
733 120 65 38 28 0.858150
734 120 65 38 28 0.847076
735 120 65 38 28 0.842060
736 120 65 38 28 0.842071
737 120 65 38 28 0.835223
738 120 65 38 28 0.839484
739 120 65 38 28 0.836216
740 120 65 38 28 0.834368
741 120 65 38 28 0.833694
742 120 65 38 28 0.837796
743 120 65 38 28 0.820163
744 118 64 39 29 0.748436
745 115 63 41 31 0.641842
746 111 62 44 33 0.844450
747 107 60 48 36 0.803855
748 101 58 52 39 0.729974
749 99 56 57 43 0.607644
750 99 56 57 43 0.853002
751 91 55 46 35 0.703895
752 83 53 51 39 0.682111
753 74 51 57 43 0.700608
754 70 49 64 48 0.552530
755 66 46 72 54 0.751013
756 66 55 51 39 0.641065
757 62 55 52 40 0.635502
758 58 55 53 41 0.604231
759 55 55 53 41 0.586080
760 52 55 54 42 0.566268
761 50 55 55 42 0.586296
762 48 55 56 43 0.577541
763 47 56 56 43 0.578972
764 46 57 56 43 0.568169
765 45 58 56 43 0.549944
766 45 60 55 43 0.547162
767 44 62 54 42 0.499185
768 42 63 54 42 0.454735
769 40 63 55 43 0.460405
770 38 63 56 44 0.472410
771 36 63 56 44 0.461029
772 34 63 57 45 0.465907
773 32 63 57 45 0.451566
774 31 63 58 45 0.471129
775 31 63 58 45 0.501797
776 31 63 58 45 0.507824
777 32 63 58 45 0.526483
778 34 63 57 44 0.553946
779 37 62 55 43 0.605009
780 41 61 53 42 0.654389
781 45 60 51 41 0.645850
782 49 59 50 40 0.977462
783 54 58 48 38 0.957102
784 59 57 47 37 0.927468
785 64 56 46 36 0.895607
786 69 55 45 35 0.841972
787 73 54 44 34 0.815003
788 77 54 43 33 0.779655
789 81 54 42 32 0.805924
790 85 54 41 31 0.865997
791 88 53 41 31 0.806702
792 91 53 40 31 0.725219
793 95 54 38 29 0.712690
794 98 54 37 28 0.710476
795 100 54 37 28 0.670532
796 102 54 36 27 0.642768
797 104 55 34 26 0.827477
798 105 55 33 25 0.784115
799 105 55 33 25 0.757743
800 105 55 33 25 0.751618
801 105 55 33 25 0.772095
802 105 55 33 25 0.781855
803 105 55 33 25 0.792787
804 105 55 33 25 0.795573
805 105 55 33 25 0.791207
806 105 55 33 25 0.787288
807 105