2 NaN NaN NaN NaN NaN
3 NaN NaN NaN NaN NaN
4 NaN NaN NaN NaN NaN
5 NaN NaN NaN NaN NaN
6 NaN NaN NaN NaN NaN
7 NaN NaN NaN NaN NaN
8 NaN NaN NaN NaN NaN
9 NaN NaN NaN NaN NaN
10 NaN NaN NaN NaN NaN
11 NaN NaN NaN NaN NaN
12 NaN NaN NaN NaN NaN
13 NaN NaN NaN NaN NaN
14 NaN NaN NaN NaN NaN
15 NaN NaN NaN NaN NaN
16 NaN NaN NaN NaN NaN
17 NaN NaN NaN NaN NaN
18 NaN NaN NaN NaN NaN
19 NaN NaN NaN NaN NaN
20 NaN NaN NaN NaN NaN
21 NaN NaN NaN NaN NaN
22 NaN NaN NaN NaN NaN
23 NaN NaN NaN NaN NaN
24 NaN NaN NaN NaN NaN
25 NaN NaN NaN NaN NaN
26 NaN NaN NaN NaN NaN
27 NaN NaN NaN NaN NaN
28 NaN NaN NaN NaN NaN
29 NaN NaN NaN NaN NaN
30 NaN NaN NaN NaN NaN
31 NaN NaN NaN NaN NaN
32 NaN NaN NaN NaN NaN
33 NaN NaN NaN NaN NaN
34 NaN NaN NaN NaN NaN
35 NaN NaN NaN NaN NaN
36 NaN NaN NaN NaN NaN
37 NaN NaN NaN NaN NaN
38 NaN NaN NaN NaN NaN
39 NaN NaN NaN NaN NaN
40 NaN NaN NaN NaN NaN
41 NaN NaN NaN NaN NaN
42 NaN NaN NaN NaN NaN
43 NaN NaN NaN NaN NaN
44 NaN NaN NaN NaN NaN
45 NaN NaN NaN NaN NaN
46 NaN NaN NaN NaN NaN
47 NaN NaN NaN NaN NaN
48 NaN NaN NaN NaN NaN
49 NaN NaN NaN NaN NaN
50 NaN NaN NaN NaN NaN
51 NaN NaN NaN NaN NaN
52 NaN NaN NaN NaN NaN
53 NaN NaN NaN NaN NaN
54 NaN NaN NaN NaN NaN
55 93 64 19 12 0.955753
56 93 64 19 12 0.966505
57 93 64 19 12 0.962406
58 93 64 19 12 0.953284
59 94 64 19 12 0.919584
60 94 64 19 12 0.937251
61 94 64 19 12 0.944030
62 94 64 19 12 0.944107
63 94 64 19 12 0.938555
64 94 64 19 12 0.941480
65 94 64 19 12 0.939919
66 94 64 19 12 0.947863
67 94 64 19 12 0.937017
68 95 64 19 12 0.879029
69 96 64 20 12 0.828539
70 97 64 20 12 0.795295
71 97 64 20 12 0.731008
72 96 64 20 12 0.661938
73 95 64 20 12 0.668426
74 94 64 20 12 0.750753
75 92 64 20 12 0.701127
76 91 64 20 12 0.797920
77 89 64 20 12 0.733350
78 88 64 20 12 0.815302
79 87 64 20 12 0.813206
80 86 64 20 12 0.743230
81 86 64 20 12 0.757982
82 86 64 20 12 0.703118
83 87 64 20 12 0.762638
84 88 64 20 12 0.790325
85 89 64 20 12 0.799333
86 90 64 20 12 0.856899
87 91 64 20 12 0.925281
88 91 64 20 12 0.876402
89 91 64 20 12 0.849121
90 91 64 20 12 0.852255
91 91 64 20 12 0.876066
92 91 64 20 12 0.893944
93 90 64 20 12 0.812978
94 90 64 20 12 0.899256
95 89 64 20 12 0.841525
96 89 64 19 12 0.892852
97 88 64 19 12 0.803111
98 86 64 21 13 0.683791
99 85 64 22 13 0.625051
100 85 64 22 13 0.987650
101 85 64 22 13 0.960875
102 86 64 22 13 0.979237
103 86 64 23 13 0.948288
104 87 64 23 13 0.951972
105 87 64 23 13 0.938272
106 87 64 23 13 0.888152
107 87 64 23 13 0.848604
108 87 64 23 13 0.835184
109 87 64 23 13 0.827512
110 87 64 23 13 0.840210
111 87 64 23 13 0.844832
112 87 64 23 13 0.851229
113 87 64 23 13 0.856904
114 87 64 23 13 0.846283
115 87 64 23 13 0.846582
116 87 64 23 13 0.845522
117 87 64 23 13 0.867815
118 87 64 23 13 0.906784
119 87 64 23 13 0.933560
120 87 64 23 13 0.952051
121 87 64 23 13 0.957195
122 87 64 23 13 0.955780
123 87 64 23 13 0.953276
124 87 64 22 13 0.947479
125 87 64 22 13 0.934048
126 87 64 22 13 0.888943
127 87 64 22 13 0.864322
128 87 64 22 13 0.832519
129 87 64 22 13 0.788814
130 87 64 22 13 0.770379
131 87 64 22 13 0.773360
132 87 64 22 13 0.772650
133 87 64 22 13 0.765742
134 87 64 22 13 0.782471
135 87 64 22 13 0.764168
136 87 64 22 13 0.746789
137 87 64 22 13 0.721557
138 87 64 22 13 0.676643
139 87 64 22 13 0.629283
140 88 64 21 12 0.916169
141 89 63 21 12 0.747967
142 90 63 21 12 0.716121
143 91 63 21 12 0.708713
144 92 63 21 12 0.699805
145 93 63 21 12 0.673409
146 93 63 21 12 0.695481
147 94 63 20 12 0.671824
148 94 63 20 12 0.690434
149 95 63 19 12 0.694341
150 95 63 19 12 0.649854
151 96 63 19 12 0.943819
152 97 63 19 12 0.817718
153 98 63 19 12 0.722365
154 98 63 20 12 0.667950
155 98 63 20 12 0.700204
156 98 63 20 12 0.697650
157 98 63 20 12 0.647969
158 97 64 20 12 0.772936
159 97 64 20 12 0.760811
160 97 64 20 12 0.768148
161 97 64 20 12 0.775403
162 97 64 20 12 0.777470
163 97 64 20 12 0.788307
164 97 64 20 12 0.798919
165 97 64 20 12 0.803706
166 97 64 20 12 0.816894
167 97 64 20 12 0.812826
168 97 64 20 12 0.819934
169 97 64 20 12 0.811890
170 97 64 20 12 0.845017
171 96 64 20 12 0.785452
172 95 64 20 12 0.785266
173 94 64 20 12 0.776124
174 93 64 20 12 0.759919
175 93 64 20 12 0.855001
176 93 64 20 12 0.867844
177 93 64 20 12 0.874658
178 94 64 20 12 0.856572
179 95 64 20 12 0.836339
180 96 64 20 12 0.855512
181 97 64 20 12 0.866739
182 98 64 20 12 0.862569
183 99 64 20 12 0.859942
184 100 64 20 12 0.857424
185 101 64 20 12 0.851277
186 102 64 20 12 0.817236
187 103 64 20 12 0.747767
188 103 64 20 12 0.800172
189 104 64 20 12 0.762880
190 105 64 20 12 0.744537
191 106 64 20 12 0.724076
192 107 64 19 11 0.648835
193 NaN NaN NaN NaN NaN
194 NaN NaN NaN NaN NaN
195 NaN NaN NaN NaN NaN
196 NaN NaN NaN NaN NaN
197 NaN NaN NaN NaN NaN
198 NaN NaN NaN NaN NaN
199 NaN NaN NaN NaN NaN
200 NaN NaN NaN NaN NaN
201 NaN NaN NaN NaN NaN
202 NaN NaN NaN NaN NaN
203 NaN NaN NaN NaN NaN
204 NaN NaN NaN NaN NaN
205 NaN NaN NaN NaN NaN
206 NaN NaN NaN NaN NaN
207 NaN NaN NaN NaN NaN
208 NaN NaN NaN NaN NaN
209 NaN NaN NaN NaN NaN
210 NaN NaN NaN NaN NaN
211 NaN NaN NaN NaN NaN
212 NaN NaN NaN NaN NaN
213 NaN NaN NaN NaN NaN
214 NaN NaN NaN NaN NaN
215 NaN NaN NaN NaN NaN
216 NaN NaN NaN NaN NaN
217 NaN NaN NaN NaN NaN
218 NaN NaN NaN NaN NaN
219 NaN NaN NaN NaN NaN
220 NaN NaN NaN NaN NaN
221 NaN NaN NaN NaN NaN
222 NaN NaN NaN NaN NaN
223 NaN NaN NaN NaN NaN
224 NaN NaN NaN NaN NaN
225 NaN NaN NaN NaN NaN
226 NaN NaN NaN NaN NaN
227 NaN NaN NaN NaN NaN
228 NaN NaN NaN NaN NaN
229 NaN NaN NaN NaN NaN
230 NaN NaN NaN NaN NaN
231 NaN NaN NaN NaN NaN
232 NaN NaN NaN NaN NaN
233 NaN NaN NaN NaN NaN
234 NaN NaN NaN NaN NaN
235 NaN NaN NaN NaN NaN
236 NaN NaN NaN NaN NaN
237 NaN NaN NaN NaN NaN
238 NaN NaN NaN NaN NaN
239 NaN NaN NaN NaN NaN
240 NaN NaN NaN NaN NaN
241 NaN NaN NaN NaN NaN
242 NaN NaN NaN NaN NaN
243 NaN NaN NaN NaN NaN
244 NaN NaN NaN NaN NaN
245 NaN NaN NaN NaN NaN
246 NaN NaN NaN NaN NaN
247 NaN NaN NaN NaN NaN
248 NaN NaN NaN NaN NaN
249 NaN NaN NaN NaN NaN
250 NaN NaN NaN NaN NaN
251 NaN NaN NaN NaN NaN
252 NaN NaN NaN NaN NaN
253 NaN NaN NaN NaN NaN
254 NaN NaN NaN NaN NaN
255 NaN NaN NaN NaN NaN
256 NaN NaN NaN NaN NaN
257 NaN NaN NaN NaN NaN
258 NaN NaN NaN NaN NaN
259 NaN NaN NaN NaN NaN
260 NaN NaN NaN NaN NaN
261 NaN NaN NaN NaN NaN
262 NaN NaN NaN NaN NaN
263 NaN NaN NaN NaN NaN
264 NaN NaN NaN NaN NaN
265 NaN NaN NaN NaN NaN
266 NaN NaN NaN NaN NaN
267 NaN NaN NaN NaN NaN
268 NaN NaN NaN NaN NaN
269 NaN NaN NaN NaN NaN
270 NaN NaN NaN NaN NaN
271 NaN NaN NaN NaN NaN
272 NaN NaN NaN NaN NaN
273 NaN NaN NaN NaN NaN
274 NaN NaN NaN NaN NaN
275 NaN NaN NaN NaN NaN
276 NaN NaN NaN NaN NaN
277 NaN NaN NaN NaN NaN
278 NaN NaN NaN NaN NaN
279 NaN NaN NaN NaN NaN
280 NaN NaN NaN NaN NaN
281 NaN NaN NaN NaN NaN
282 NaN NaN NaN NaN NaN
283 NaN NaN NaN NaN NaN
284 NaN NaN NaN NaN NaN
285 NaN NaN NaN NaN NaN
286 NaN NaN NaN NaN NaN
287 NaN NaN NaN NaN NaN
288 93 59 28 23 0.971423
289 93 59 28 23 0.969700
290 93 59 28 23 0.964736
291 93 59 28 23 0.968618
292 94 58 28 23 0.939557
293 94 58 28 23 0.931528
294 94 58 28 23 0.938780
295 94 58 28 23 0.923790
296 94 58 28 23 0.930489
297 94 58 28 23 0.936859
298 94 58 28 23 0.898250
299 93 58 28 23 0.950376
300 92 58 28 23 0.946249
301 91 58 28 23 0.928603
302 90 58 28 23 0.916326
303 89 58 28 23 0.901146
304 88 58 28 23 0.897538
305 87 58 28 23 0.895814
306 86 58 28 23 0.903013
307 85 58 29 24 0.900544
308 84 58 29 24 0.886309
309 83 58 29 24 0.854309
310 83 58 29 24 0.886978
311 82 58 29 24 0.859248
312 81 58 29 24 0.847202
313 80 58 29 24 0.840818
314 79 58 29 24 0.832698
315 78 58 29 24 0.823772
316 77 58 29 24 0.795178
317 77 58 29 24 0.800335
318 77 58 29 24 0.784586
319 78 58 29 24 0.787693
320 79 58 29 24 0.775084
321 80 58 29 24 0.741506
322 82 58 29 24 0.766079
323 84 58 29 24 0.793132
324 85 58 30 24 0.801337
325 87 58 29 23 0.820372
326 88 58 29 23 0.777273
327 90 58 29 23 0.830035
328 92 58 29 23 0.868845
329 93 58 29 23 0.851627
330 94 58 29 23 0.836449
331 95 58 29 23 0.815556
332 96 58 29 23 0.815474
333 97 58 29 23 0.792484
334 98 58 29 23 0.785641
335 99 58 29 23 0.768961
336 100 58 29 23 0.734670
337 101 58 29 23 0.676030
338 103 58 29 23 0.674168
339 104 58 29 23 0.647903
340 105 58 29 23 0.969888
341 106 58 29 23 0.964550
342 107 58 29 23 0.967245
343 108 58 29 23 0.967008
344 109 58 29 23 0.914643
345 110 58 29 23 0.880574
346 111 58 29 23 0.831279
347 112 58 29 23 0.810282
348 113 58 29 23 0.797931
349 114 58 29 23 0.836223
350 115 58 29 23 0.879161
351 116 58 29 23 0.846056
352 116 57 29 23 0.919396
353 116 56 29 23 0.853362
354 116 56 29 23 0.836271
355 116 56 29 23 0.809079
356 116 56 29 23 0.788141
357 116 56 29 23 0.738855
358 116 56 29 23 0.737684
359 116 56 29 23 0.733975
360 116 56 29 23 0.718018
361 116 56 29 23 0.673489
362 116 56 29 23 0.645604
363 116 56 29 23 0.960996
364 116 56 29 23 0.931801
365 117 56 29 23 0.966225
366 118 56 29 23 0.908724
367 118 56 29 23 0.918946
368 118 56 29 23 0.893650
369 118 56 29 23 0.868468
370 118 56 29 23 0.879776
371 118 56 29 23 0.902643
372 118 56 28 22 0.793739
373 118 56 28 22 0.806069
374 118 56 28 22 0.814070
375 118 56 28 22 0.821022
376 118 56 28 22 0.803188
377 118 56 28 22 0.808253
378 118 56 29 23 0.795983
379 118 56 29 23 0.808216
380 118 56 29 23 0.826386
381 118 56 29 23 0.813522
382 118 56 29 23 0.777081
383 118 56 29 23 0.746963
384 118 56 29 23 0.734220
385 118 56 29 23 0.744283
386 118 56 29 23 0.737356
387 118 56 29 23 0.735006
388 118 56 29 23 0.717648
389 118 56 29 23 0.698246
390 118 56 29 23 0.693472
391 118 56 29 23 0.697819
392 118 56 29 23 0.692106
393 118 56 29 23 0.694642
394 118 56 29 23 0.656216
395 118 56 29 23 0.612564
396 118 56 29 23 0.949332
397 118 57 29 23 0.969771
398 118 59 28 23 0.906031
399 118 61 28 23 0.865716
400 118 63 28 23 0.847587
401 118 65 28 23 0.799692
402 118 67 28 23 0.742910
403 118 69 28 23 0.714713
404 118 71 28 23 0.700602
405 118 72 28 23 0.704003
406 118 73 28 23 0.686671
407 118 74 28 23 0.662542
408 118 75 28 23 0.667884
409 118 76 28 23 0.659364
410 118 77 28 23 0.655662
411 118 78 28 23 0.637816
412 118 79 28 23 0.962684
413 118 80 28 23 0.949803
414 118 81 28 23 0.920220
415 118 82 28 23 0.851677
416 118 82 28 23 0.833636
417 118 82 28 23 0.756810
418 118 81 28 23 0.825163
419 118 81 27 22 0.814913
420 119 81 26 21 0.648828
421 119 81 26 21 0.879865
422 119 81 26 21 0.822613
423 119 81 26 21 0.801895
424 119 81 26 21 0.799371
425 119 81 26 21 0.785354
426 119 81 25 21 0.739383
427 119 81 25 21 0.815930
428 119 82 25 21 0.784398
429 119 84 25 21 0.717688
430 119 86 25 21 0.763465
431 119 88 25 21 0.745258
432 119 89 25 21 0.686682
433 119 90 25 21 0.601150
434 119 90 25 21 0.954331
435 119 90 25 21 0.895973
436 119 90 25 21 0.835577
437 119 90 25 21 0.793901
438 119 90 25 21 0.751421
439 119 91 24 21 0.856132
440 119 91 24 21 0.806862
441 119 91 24 21 0.788459
442 119 91 24 21 0.747885
443 118 91 24 21 0.653568
444 117 91 24 21 0.577299
445 115 90 24 21 0.940814
446 113 89 24 21 0.836362
447 110 88 24 21 0.797739
448 107 87 24 21 0.730983
449 104 86 24 21 0.641611
450 101 85 24 21 0.791790
451 99 83 24 21 0.857502
452 97 82 24 21 0.832227
453 96 81 24 21 0.847476
454 94 80 24 21 0.760103
455 92 80 24 21 0.759068
456 90 80 24 21 0.738713
457 88 80 24 21 0.743844
458 86 80 24 21 0.786195
459 83 80 24 21 0.757478
460 80 80 24 21 0.763214
461 76 81 24 21 0.733791
462 72 82 24 21 0.681234
463 69 83 24 21 0.696762
464 66 84 24 21 0.692394
465 63 84 24 21 0.636049
466 60 84 24 21 0.906339
467 58 84 24 21 0.831496
468 56 85 24 21 0.903166
469 54 86 23 21 0.890572
470 52 86 23 21 0.879457
471 50 86 23 21 0.780509
472 49 86 23 21 0.699956
473 48 86 23 21 0.682665
474 47 86 23 21 0.669416
475 46 86 23 21 0.630294
476 45 86 23 21 0.963902
477 44 86 23 21 0.942903
478 43 86 23 21 0.924785
479 42 86 23 21 0.882654
480 41 86 23 21 0.839287
481 40 86 23 21 0.686826
482 40 86 23 21 0.727982
483 40 86 23 21 0.780397
484 40 86 23 21 0.819503
485 40 86 23 21 0.825707
486 40 86 23 21 0.815531
487 40 86 23 21 0.814133
488 40 86 23 21 0.806695
489 40 86 23 21 0.774230
490 40 86 23 21 0.772215
491 40 86 23 21 0.773331
492 40 86 23 21 0.761643
493 40 85 23 21 0.786186
494 41 83 23 21 0.759923
495 42 80 24 22 0.760531
496 43 77 24 22 0.813342
497 44 74 24 22 0.854187
498 46 71 24 22 0.819502
499 47 69 24 22 0.825401
500 48 67 24 22 0.781127
501 49 65 25 23 0.745758
502 49 63 25 23 0.741193
503 47 62 25 23 0.739547
504 44 61 26 24 0.751082
505 40 60 26 24 0.761738
506 36 59 26 24 0.746703
507 33 58 26 24 0.735004
508 30 57 27 24 0.712416
509 27 56 27 24 0.704580
510 25 55 27 24 0.699408
511 23 54 27 24 0.693599
512 21 53 27 24 0.690736
513 19 51 28 25 0.670710
514 18 50 28 25 0.656147
515 18 49 29 25 0.636184
516 18 49 29 25 0.913241
517 18 48 29 25 0.857422
518 18 47 29 25 0.832359
519 18 46 29 25 0.790640
520 18 46 29 25 0.837924
521 18 45 29 25 0.790948
522 18 45 29 25 0.842014
523 19 45 29 25 0.851607
524 19 45 29 25 0.870268
525 19 44 29 25 0.860788
526 19 43 29 25 0.867750
527 18 42 30 25 0.832689
528 17 42 30 25 0.822310
529 16 42 31 25 0.870530
530 16 42 31 25 0.815650
531 17 43 31 25 0.903910
532 18 44 31 25 0.860120
533 19 44 31 25 0.884710
534 20 44 31 25 0.881719
535 21 44 31 25 0.829775
536 23 44 31 25 0.850735
537 25 44 31 25 0.830226
538 27 44 31 25 0.786224
539 29 44 31 25 0.756344
540 31 44 31 25 0.720356
541 34 45 30 25 0.815819
542 38 46 30 25 0.800865
543 43 47 29 25 0.757904
544 48 48 29 25 0.686381
545 53 49 29 25 0.638521
546 58 50 29 25 0.955198
547 63 51 29 25 0.866266
548 68 52 29 25 0.713702
549 73 53 29 25 0.634524
550 77 54 29 25 0.952990
551 81 54 29 25 0.927405
552 84 54 29 25 0.940142
553 87 55 29 25 0.906413
554 89 55 29 25 0.908300
555 91 55 29 25 0.866655
556 93 55 29 25 0.874487
557 94 55 29 25 0.834756
558 95 55 29 25 0.755828
559 95 55 29 25 0.721251
560 95 55 29 25 0.729151
561 95 55 29 25 0.736025
562 95 55 29 25 0.723728
563 94 55 29 25 0.691415
564 93 55 29 25 0.700028
565 92 55 29 25 0.703422
566 91 55 29 25 0.702236
567 90 55 29 25 0.679593
568 90 55 29 25 0.613687
569 90 55 29 25 0.942110
570 90 55 29 25 0.860133
571 90 55 29 25 0.825076
572 90 55 29 25 0.786054
573 89 55 29 25 0.793082
574 88 55 29 25 0.796761
575 87 55 29 25 0.788207
576 87 55 29 25 0.739869
577 87 55 29 25 0.697053
578 87 55 29 25 0.687457
579 87 55 29 25 0.690542
580 87 55 29 25 0.685815
581 87 55 29 25 0.683108
582 87 55 29 25 0.661015
583 88 55 29 25 0.655747
584 88 55 29 25 0.656089
585 88 55 29 25 0.636753
586 88 55 29 25 0.985449
587 88 55 29 25 0.984142
588 88 55 29 25 0.977814
589 88 55 29 25 0.960138
590 88 55 29 25 0.940652
591 88 55 29 25 0.910632
592 88 55 29 25 0.879233
593 88 55 29 25 0.845566
594 88 55 29 25 0.823169
595 88 55 29 25 0.812969
596 88 55 29 25 0.819624
597 88 55 29 25 0.827208
598 88 55 29 25 0.845384
599 88 55 29 25 0.841688
600 88 55 29 25 0.841215
601 88 55 29 25 0.846051
602 88 55 29 25 0.841064
603 88 55 29 25 0.858554
604 88 55 29 25 0.891496
605 88 55 29 25 0.862903
606 88 55 29 25 0.861909
607 88 55 29 25 0.869768
608 88 55 29 25 0.876787
609 88 55 29 25 0.881763
610 88 55 29 25 0.872855
611 88 55 29 25 0.864537
612 89 55 29 25 0.923455
613 89 55 29 25 0.948479
614 89 55 29 25 0.942958
615 90 55 29 25 0.927243
616 91 55 29 25 0.888226
617 92 55 29 25 0.839820
618 93 55 29 25 0.818978
619 95 55 29 25 0.770230
620 97 55 29 25 0.800586
621 99 56 28 24 0.838683
622 101 56 28 24 0.754891
623 102 56 28 24 0.724367
624 103 56 28 24 0.673154
625 103 56 28 24 0.659609
626 102 56 28 24 0.725146
627 101 56 28 24 0.769883
628 100 56 28 24 0.722414
629 98 56 28 24 0.784650
630 97 56 28 24 0.782561
631 96 56 28 24 0.777038
632 95 56 28 24 0.842560
633 95 56 28 24 0.778140
634 95 56 28 24 0.721016
635 95 56 28 24 0.690685
636 95 56 28 24 0.712548
637 95 56 28 24 0.720608
638 95 56 28 24 0.765351
639 95 56 28 24 0.797295
640 95 56 28 24 0.814455
641 95 56 28 24 0.810639
642 95 56 28 24 0.799962
643 95 56 28 24 0.772283
644 95 56 28 24 0.764189
645 95 56 28 24 0.769268
646 95 56 28 24 0.762399
647 95 56 28 24 0.763159
648 95 56 28 24 0.780072
649 95 56 28 24 0.831166
650 96 56 28 24 0.749934
651 97 56 28 24 0.733814
652 98 56 28 24 0.673434
653 99 56 28 24 0.627860
654 99 56 28 24 0.957607
655 99 56 28 24 0.909989
656 99 56 28 24 0.884856
657 99 56 28 24 0.896836
658 98 56 29 25 0.851486
659 98 56 29 25 0.877886
660 97 56 29 25 0.819642
661 97 56 29 25 0.842392
662 96 56 29 25 0.846286
663 95 56 29 25 0.795861
664 95 56 29 25 0.801566
665 95 56 29 25 0.825396
666 95 56 29 25 0.845075
667 95 56 29 25 0.767192
668 95 56 29 25 0.740337
669 95 56 29 25 0.749804
670 95 56 29 25 0.734687
671 95 56 29 25 0.761202
672 95 56 29 25 0.772578
673 95 56 29 25 0.761524
674 93 56 29 25 0.769672
675 90 56 29 25 0.738970
676 87 56 29 25 0.681623
677 84 56 29 25 0.674281
678 82 56 29 25 0.684771
679 80 56 30 25 0.666371
680 79 56 30 25 0.662489
681 79 56 30 25 0.621439
682 79 56 30 25 0.982575
683 79 56 30 25 0.973390
684 79 56 30 25 0.972593
685 79 56 30 25 0.941082
686 80 56 30 25 0.884269
687 80 56 30 25 0.899647
688 80 56 30 25 0.903353
689 80 56 30 25 0.854762
690 79 56 30 25 0.842386
691 79 56 30 25 0.816821
692 79 56 30 25 0.814858
693 79 56 30 25 0.776304
694 79 56 30 25 0.774613
695 79 56 30 25 0.775466
696 79 56 30 25 0.780736
697 79 56 30 25 0.829088
698 79 56 30 25 0.863386
699 79 56 30 25 0.871429
700 79 56 30 25 0.892168
701 79 56 30 25 0.914909
702 79 56 30 25 0.893617
703 79 56 30 25 0.886892
704 79 56 30 25 0.875878
705 79 56 30 25 0.874625
706 79 56 30 25 0.873435
707 79 56 30 25 0.871001
708 79 56 30 25 0.867737
709 79 56 30 25 0.840247
710 79 56 30 25 0.794815
711 79 56 30 25 0.752797
712 79 56 30 25 0.725723
713 79 56 30 25 0.719594
714 79 56 30 25 0.758305
715 79 57 30 25 0.724073
716 80 58 30 25 0.753364
717 81 59 30 25 0.745136
718 82 60 29 25 0.737301
719 82 60 29 25 0.763139
720 81 60 29 25 0.778667
721 80 59 29 25 0.767784
722 79 58 29 25 0.744867
723 78 58 29 25 0.757383
724 77 58 29 25 0.724248
725 76 58 29 25 0.696552
726 75 58 29 25 0.716439
727 75 58 29 25 0.694442
728 75 58 29 25 0.664435
729 75 58 29 25 0.682082
730 75 58 29 25 0.680039
731 75 58 29 25 0.649383
732 75 58 29 25 0.828757
733 76 58 29 25 0.869903
734 77 58 29 25 0.859537
735 78 58 29 25 0.785367
736 79 58 29 25 0.773577
737 80 58 29 25 0.755994
738 80 58 29 25 0.824859
739 80 58 29 25 0.805987
740 81 58 29 25 0.857454
741 82 58 29 25 0.872844
742 82 58 29 25 0.823230
743 83 58 29 25 0.847763
744 83 58 29 25 0.831344
745 83 58 29 25 0.832650
746 83 58 29 25 0.863837
747 82 58 29 25 0.852225
748 81 58 29 25 0.833555
749 80 58 29 25 0.832306
750 79 58 29 25 0.811233
751 78 58 29 25 0.769464
752 77 58 29 25 0.755155
753 76 58 29 25 0.766438
754 75 58 29 25 0.784484
755 75 58 29 25 0.770564
756 75 58 29 25 0.773406
757 75 58 29 25 0.778156
758 76 58 29 25 0.773992
759 77 58 29 25 0.777635
760 78 58 29 25 0.774430
761 79 58 29 25 0.760319
762 80 58 29 25 0.748427
763 81 58 29 25 0.742744
764 81 58 29 25 0.718874
765 82 58 29 25 0.695258
766 83 58 29 25 0.678234
767 83 58 29 25 0.644741
768 84 58 29 25 0.962936
769 85 58 29 25 0.927354
770 86 58 29 25 0.884977
771 87 58 29 25 0.838180
772 88 58 29 25 0.819023
773 89 58 29 25 0.776619
774 89 58 29 25 0.793162
775 89 58 29 25 0.796067
776 89 58 29 25 0.800166
777 89 58 29 25 0.799899
778 89 58 29 25 0.798345
779 89 58 29 25 0.806239
780 89 58 29 25 0.801232
781 89 58 29 25 0.789438
782 89 58 29 25 0.776586
783 89 58 29 25 0.784779
784 89 58 29 25 0.799211
785 89 58 29 25 0.810026
786 89 58 29 25 0.807849
787 89 58 29 25 0.820665
788 89 58 29 25 0.826726
789 89 58 29 25 0.824627
790 89 58 29 25 0.807779
791 89 58 29 25 0.790806
792 89 58 29 25 0.801364
793 89 58 29 25 0.808709
794 89 58 29 25 0.810402
795 89 58 29 25 0.791159
796 88 58 29 25 0.814647
797 87 58 29 25 0.836129
798 87 58 29 25 0.826515
799 87 58 29 25 0.789381
800 87 58 29 25 0.773888
801 87 58 29 25 0.798191
802 87 58 29 25 0.806398
803 87 58 29 25 0.809792
804 87 58 29 25 0.801852
805 87 58 29 25 0.784020
806 87 58 29 25 0.808216
807 88 58 29 25 0.762252
808 89 58 29 25 0.769835
809 90 58 29 25 0.761682
810 91 58 29 25 0.734727
811 92 58 29 25 0.725969
812 93 58 29 25 0.703625
813 94 58 29 25 0.676757
814 94 58 29 25 0.696683
815 94 58 29 25 0.678534
816 93 58 29 25 0.688036
817 91 57 28 25 0.711077
818 87 56 28 25 0.700085
819 83 56 28 25 0.719895
820 79 56 28 25 0.754906
821 75 56 28 25 0.810882
822 72 55 28 25 0.764466
823 70 55 28 25 0.823237
824 68 55 28 25 0.817014
825 66 55 28 25 0.800869
826 65 55 28 25 0.810353
827 64 55 28 25 0.754245
828 63 55 28 25 0.711275
829 63 55 28 25 0.706145
830 64 55 28 25 0.705473
831 65 55 28 25 0.726471
832 67 55 28 25 0.721839
833 70 55 28 25 0.752188
834 74 56 28 25 0.761633
835 78 57 28 25 0.765667
836 82 58 28 25 0.797464
837 85 59 28 25 0.786605
838 88 60 28 25 0.837567
839 91 60 29 25 0.782663
840 95 61 29 25 0.822931
841 98 61 29 25 0.811705
842 100 61 29 25 0.748360
843 101 61 30 26 0.712219
844 102 61 30 26 0.683865
845 102 61 30 26 0.687509
846 101 61 30 26 0.673206
847 100 61 30 26 0.678378
848 99 61 30 26 0.674732
849 98 61 30 26 0.668590
850 97 61 30 26 0.652263
851 96 61 30 26 0.658411
852 96 61 30 26 0.691191
853 96 61 30 26 0.672712
854 95 60 30 26 0.650651
855 94 60 30 26 0.625258
856 94 60 30 26 0.961832
857 94 60 30 26 0.879300
858 93 60 30 26 0.890214
859 92 60 30 26 0.857799
860 92 60 30 26 0.763572
861 92 60 30 26 0.757466
862 92 60 30 26 0.756587
863 92 60 30 26 0.762254
864 92 60 30 26 0.801037
865 92 60 30 26 0.819039
866 92 60 30 26 0.866222
867 91 60 30 26 0.803613
868 91 61 30 26 0.835490
869 91 62 30 26 0.849779
870 92 62 30 26 0.872074
871 93 62 30 26 0.820282
872 94 62 29 26 0.869843
873 95 62 29 26 0.798752
874 97 62 29 26 0.842907
875 99 62 29 26 0.833622
876 101 62 29 26 0.779580
877 103 62 29 26 0.789562
878 104 62 29 26 0.772232
879 105 62 29 26 0.752495
880 106 62 29 26 0.764830
881 107 62 29 26 0.773955
882 108 62 29 26 0.785754
883 109 62 29 26 0.767634
884 110 62 29 26 0.738265
885 111 62 29 26 0.703917
886 112 62 29 26 0.720277
887 113 62 29 26 0.723354
888 114 62 29 26 0.732233
889 115 62 29 26 0.733738
890 116 62 29 26 0.731581
891 117 62 29 26 0.737892
892 118 62 29 26 0.751818
893 119 62 29 26 0.711152
894 120 62 29 26 0.716742
895 120 62 29 26 0.715569
896 120 62 29 26 0.723625
897 120 62 29 26 0.716637
898 120 62 29 26 0.726905
899 120 62 29 26 0.706047
900 120 62 29 26 0.715453
901 120 62 29 26 0.719447
902 120 62 29 26 0.721457
903 120 62 29 26 0.718819
904 120 62 29 26 0.721421
905 120 62 29 26 0.723970
906 120 62 29 26 0.727737
907 120 62 29 26 0.728634
908 120 62 29 26 0.719872
909 120 62 29 26 0.713729
910 120 62 29 26 0.719445
911 120 62 29 26 0.706655
912 120 62 29 26 0.690663
913 120 62 29 26 0.695335
914 120 62 29 26 0.687572
915 120 62 29 26 0.683500
916 120 62 29 26 0.672044
917 120 62 29 26 0.653613
918 120 62 29 26 0.642285
919 120 62 29 26 0.981750
920 120 62 29 26 0.975276
921 120 62 29 26 0.975264
922 120 62 29 26 0.969040
923 120 62 29 26 0.967174
924 120 62 29 26 0.968829
925 120 62 29 26 0.967030
926 120 62 29 26 0.960609
927 120 62 29 26 0.936902
928 120 62 29 26 0.917123
929 120 62 29 26 0.901708
930 120 62 29 26 0.887400
931 120 62 29 26 0.879987
932 120 62 29 26 0.873690
933 120 62 29 26 0.882873
934 120 62 29 26 0.884658
935 120 62 29 26 0.885841
936 120 62 29 26 0.898614
937 120 62 29 26 0.901671
938 120 62 29 26 0.915923
939 120 62 29 26 0.915662
940 120 62 29 26 0.906719
941 120 62 29 26 0.903887
942 120 62 29 26 0.895307
943 120 62 29 26 0.889647
944 120 62 29 26 0.891248
945 120 62 29 26 0.890261
946 120 62 29 26 0.894741
947 120 62 29 26 0.898023
948 120 62 29 26 0.903332
949 120 62 29 26 0.918154
950 120 62 29 26 0.914819
951 120 62 29 26 0.907598
952 120 62 29 26 0.906419
953 120 62 29 26 0.896234
954 120 62 29 26 0.879878
955 120 62 29 26 0.874348
956 120 62 29 26 0.868951
957 120 62 29 26 0.865665
958 120 62 29 26 0.836480
959 120 62 29 26 0.824448
960 120 62 29 26 0.819749
961 120 62 29 26 0.820636
962 120 62 29 26 0.818862
963 120 62 29 26 0.825348
964 120 62 29 26 0.789001
965 120 62 29 26 0.719610
966 120 63 29 26 0.763152
967 120 65 28 25 0.621654
968 120 67 28 25 0.937665
969 121 69 28 25 0.714943
970 NaN NaN NaN NaN NaN
971 NaN NaN NaN NaN NaN
972 NaN NaN NaN NaN NaN
973 NaN NaN NaN NaN NaN
974 NaN NaN NaN NaN NaN
975 NaN NaN NaN NaN NaN
976 NaN NaN NaN NaN NaN
977 NaN NaN NaN NaN NaN
978 NaN NaN NaN NaN NaN
979 NaN NaN NaN NaN NaN
980 NaN NaN NaN NaN NaN
981 NaN NaN NaN NaN NaN
982 NaN NaN NaN NaN NaN
983 NaN NaN NaN NaN NaN
984 NaN NaN NaN NaN NaN
985 NaN NaN NaN NaN NaN
986 NaN NaN NaN NaN NaN
987 NaN NaN NaN NaN NaN
988 NaN NaN NaN NaN NaN
989 NaN NaN NaN NaN NaN
990 NaN NaN NaN NaN NaN
991 NaN NaN NaN NaN NaN
992 NaN NaN NaN NaN NaN
993 NaN NaN NaN NaN NaN
994 NaN NaN NaN NaN NaN
995 NaN NaN NaN NaN NaN
996 NaN NaN NaN NaN NaN
997 NaN NaN NaN NaN NaN
998 NaN NaN NaN NaN NaN
999 NaN NaN NaN NaN NaN
1000 NaN NaN NaN NaN NaN
1001 NaN NaN NaN NaN NaN
1002 NaN NaN NaN NaN NaN
1003 NaN NaN NaN NaN NaN
1004 NaN NaN NaN NaN NaN
1005 NaN NaN NaN NaN NaN
1006 NaN NaN NaN NaN NaN
1007 NaN NaN NaN NaN NaN
1008 NaN NaN NaN NaN NaN
1009 NaN NaN NaN NaN NaN
1010 NaN NaN NaN NaN NaN
1011 NaN NaN NaN NaN NaN
1012 NaN NaN NaN NaN NaN
1013 NaN NaN NaN NaN NaN
1014 NaN NaN NaN NaN NaN
1015 NaN NaN NaN NaN NaN
1016 NaN NaN NaN NaN NaN
1017 NaN NaN NaN NaN NaN
1018 NaN NaN NaN NaN NaN
1019 NaN NaN NaN NaN NaN
1020 NaN NaN NaN NaN NaN
1021 NaN NaN NaN NaN NaN
1022 NaN NaN NaN NaN NaN
1023 NaN NaN NaN NaN NaN
1024 NaN NaN NaN NaN NaN
1025 NaN NaN NaN NaN NaN
1026 NaN NaN NaN NaN NaN
1027 NaN NaN NaN NaN NaN
1028 NaN NaN NaN NaN NaN
1029 NaN NaN NaN NaN NaN
1030 NaN NaN NaN NaN NaN
1031 NaN NaN NaN NaN NaN
1032 NaN NaN NaN NaN NaN
1033 NaN NaN NaN NaN NaN
1034 NaN NaN NaN NaN NaN
1035 NaN NaN NaN NaN NaN
1036 NaN NaN NaN NaN NaN
1037 NaN NaN NaN NaN NaN
1038 NaN NaN NaN NaN NaN
1039 NaN NaN NaN NaN NaN
1040 NaN NaN NaN NaN NaN
1041 NaN NaN NaN NaN NaN
1042 NaN NaN NaN NaN NaN
1043 NaN NaN NaN NaN NaN
1044 NaN NaN NaN NaN NaN
1045 NaN NaN NaN NaN NaN
1046 NaN NaN NaN NaN NaN
1047 NaN NaN NaN NaN NaN
1048 NaN NaN NaN NaN NaN
1049 NaN NaN NaN NaN NaN
1050 NaN NaN NaN NaN NaN
1051 NaN NaN NaN NaN NaN
1052 NaN NaN NaN NaN NaN
1053 NaN NaN NaN NaN NaN
1054 NaN NaN NaN NaN NaN
1055 NaN NaN NaN NaN NaN
1056 NaN NaN NaN NaN NaN
1057 NaN NaN NaN NaN NaN
1058 NaN NaN NaN NaN NaN
1059 NaN NaN NaN NaN NaN
1060 NaN NaN NaN NaN NaN
1061 NaN NaN NaN NaN NaN
1062 NaN NaN NaN NaN NaN
1063 NaN NaN NaN NaN NaN
1064 NaN NaN NaN NaN NaN
1065 NaN NaN NaN NaN NaN
1066 NaN NaN NaN NaN NaN
1067 NaN NaN NaN NaN NaN
1068 NaN NaN NaN NaN NaN
1069 NaN NaN NaN NaN NaN
1070 NaN NaN NaN NaN NaN
1071 105 55 33 27 0.728282
1072 104 55 34 28 0.743300
1073 103 55 35 29 0.714043
1074 103 55 36 30 0.666612
1075 103 54 36 30 0.695780
1076 105 54 36 30 0.693031
1077 106 53 36 30 0.725355
1078 105 52 38 32 0.703182
1079 105 51 39 33 0.708335
1080 106 51 39 33 0.710347
1081 107 51 40 34 0.702946
1082 108 51 40 34 0.717225
1083 109 51 40 34 0.722097
1084 109 51 41 35 0.721115
1085 109 51 42 36 0.725001
1086 108 51 43 36 0.713189
1087 108 50 43 36 0.698785
1088 108 48 43 36 0.683052
1089 108 47 43 36 0.680910
1090 108 47 43 36 0.688870
1091 108 48 43 36 0.689875
1092 108 49 43 36 0.673673
1093 108 48 44 36 0.679903
1094 109 47 45 36 0.643134
1095 111 47 45 36 0.938651
1096 113 48 45 36 0.937051
1097 115 49 44 36 0.880228
1098 113 51 43 35 0.655333
1099 114 51 43 35 0.675731
1100 115 51 43 35 0.674550
1101 116 51 43 35 0.680138
1102 116 51 43 35 0.684389
1103 115 51 43 35 0.661479
1104 114 51 43 35 0.663077
1105 113 51 44 35 0.662786
1106 112 51 45 35 0.646155
1107 111 51 45 35 0.953317
1108 111 52 45 35 0.966265
1109 111 52 45 35 0.953118
1110 110 52 45 35 0.966395
1111 109 51 45 35 0.943240
1112 108 51 45 35 0.933415
1113 107 51 45 35 0.891904
1114 107 51 45 35 0.877088
1115 107 51 45 35 0.881018
1116 107 51 45 35 0.877438
1117 107 51 45 35 0.880715
1118 108 51 45 35 0.869197
1119 109 51 45 35 0.863190
1120 110 52 45 35 0.878073
1121 111 52 45 35 0.883901
1122 112 53 45 35 0.884501
1123 113 54 45 35 0.893027
1124 114 55 45 35 0.792266
1125 114 56 45 35 0.791522
1126 114 57 45 35 0.730004
1127 114 58 44 35 0.727911
1128 114 58 44 35 0.713369
1129 113 58 44 35 0.706993
1130 112 57 45 36 0.708457
1131 111 56 45 36 0.791160
1132 110 55 45 36 0.806764
1133 109 54 45 36 0.800364
1134 109 53 45 36 0.806385
1135 108 52 46 36 0.814368
1136 108 50 46 36 0.878375
1137 108 48 46 36 0.907582
1138 108 47 46 36 0.895368
1139 108 46 46 36 0.891178
1140 108 46 46 36 0.884947
1141 108 46 46 36 0.878273
1142 108 46 46 36 0.861688
1143 108 46 46 36 0.875154
1144 108 46 46 36 0.898972
1145 108 46 46 36 0.883696
1146 108 46 46 36 0.861051
1147 109 46 45 35 0.850302
1148 109 46 45 35 0.861102
1149 109 46 45 35 0.850164
1150 109 46 45 35 0.823003
1151 110 47 45 35 0.844369
1152 111 48 45 35 0.866795
1153 111 48 45 35 0.862973
1154 111 48 45 35 0.840654
1155 110 48 45 35 0.775754
1156 109 48 45 35 0.729753
1157 108 48 45 35 0.738154
1158 107 47 45 35 0.696552
1159 106 47 45 35 0.696738
1160 105 47 46 36 0.776636
1161 104 47 46 36 0.727995
1162 104 47 46 36 0.739189
1163 104 48 46 36 0.719804
1164 104 49 46 36 0.760309
1165 104 49 46 36 0.809079
1166 103 49 46 36 0.769079
1167 102 49 46 36 0.760538
1168 102 49 46 36 0.821139
1169 102 49 46 36 0.829574
1170 102 49 46 36 0.828340
1171 102 49 46 36 0.808006
1172 102 49 46 36 0.772915
1173 101 49 47 36 0.744181
1174 100 49 48 37 0.721177
1175 98 49 49 38 0.653957
1176 96 49 50 39 0.651149
1177 94 49 50 39 0.618694
1178 94 49 50 39 0.971177
1179 94 49 50 39 0.898767
1180 93 49 50 39 0.914196
1181 92 49 50 39 0.955116
1182 92 49 50 39 0.922698
1183 92 49 50 39 0.892425
1184 92 49 50 39 0.869664
1185 92 49 50 39 0.860017
1186 92 49 50 39 0.852969
1187 92 49 50 39 0.842382
1188 93 49 50 39 0.861488
1189 93 49 50 39 0.867275
1190 93 49 50 39 0.835591
1191 93 49 50 39 0.787425
1192 93 49 50 39 0.753597
1193 93 49 50 39 0.730848
1194 93 49 50 39 0.746413
1195 93 49 50 39 0.743611
1196 93 49 50 39 0.719443
1197 93 49 50 39 0.798910
1198 93 49 50 39 0.823184
1199 93 49 50 39 0.831626
1200 93 49 50 39 0.815460
1201 93 49 50 39 0.802694
1202 93 49 50 39 0.811247
1203 93 49 50 39 0.810365
1204 93 49 50 39 0.822915
1205 93 49 50 39 0.829468
1206 93 49 50 39 0.823875
1207 93 49 50 39 0.808114
1208 93 49 50 39 0.781935
1209 94 49 50 39 0.803482
1210 95 49 50 39 0.775409
1211 96 49 50 39 0.724601
1212 97 50 50 39 0.758258
1213 98 51 50 39 0.776233
1214 99 52 50 39 0.757635
1215 100 53 50 39 0.735188
1216 101 54 50 39 0.733572
1217 101 54 50 39 0.734696
1218 101 54 50 39 0.718899
1219 101 54 50 39 0.713453
1220 101 54 50 39 0.698605
1221 101 54 50 39 0.706376
1222 101 54 50 39 0.697034
1223 101 54 50 39 0.710390
1224 101 54 50 39 0.706068
1225 101 54 50 39 0.704229
1226 101 54 50 39 0.701991
1227 101 54 50 39 0.698105
1228 101 54 50 39 0.692144
1229 101 54 50 39 0.679160
1230 101 54 50 39 0.672195
1231 101 54 50 39 0.665491
1232 101 54 50 39 0.644597
1233 101 54 50 39 0.978223
1234 101 54 50 39 0.944547
1235 101 54 50 39 0.955646
1236 101 54 50 39 0.940225
1237 101 54 50 39 0.938619
1238 101 54 50 39 0.933782
1239 101 54 50 39 0.935055
1240 101 54 50 39 0.935101
1241 101 54 50 39 0.923216
1242 101 54 50 39 0.909682
1243 101 54 50 39 0.914345
1244 101 54 50 39 0.887045
1245 101 54 50 39 0.858120
1246 101 54 50 39 0.856297
1247 101 54 50 39 0.878329
1248 101 54 50 39 0.915935
1249 102 55 50 39 0.836816
1250 103 56 49 39 0.837259
1251 105 57 48 39 0.788294
1252 107 58 47 38 0.788504
1253 108 59 46 38 0.748821
1254 109 60 46 38 0.729004
1255 109 61 46 38 0.739649
1256 110 62 46 38 0.684309
1257 110 62 46 38 0.707750
1258 110 62 46 38 0.725585
1259 110 62 46 38 0.711804
1260 110 62 46 38 0.683470
1261 110 62 46 38 0.697569
1262 110 62 46 38 0.722356
1263 110 62 46 38 0.709408
1264 110 62 46 38 0.694734
1265 110 62 46 38 0.693740
1266 110 62 46 38 0.697500
1267 110 62 46 38 0.690674
1268 110 62 46 38 0.687617
1269 111 62 46 38 0.684396
1270 112 62 46 38 0.646386
1271 113 62 46 38 0.884554
1272 114 62 46 38 0.844569
1273 113 63 43 35 0.726416
1274 114 63 43 35 0.729049
1275 115 63 43 35 0.706565
1276 116 63 43 35 0.748649
1277 116 63 43 35 0.739162
1278 116 63 43 35 0.730596
1279 117 63 42 34 0.711010
1280 117 63 42 34 0.712616
1281 117 63 42 34 0.737408
1282 116 63 42 34 0.711773
1283 115 63 42 34 0.733534
1284 114 63 42 34 0.732964
1285 113 63 42 34 0.730499
1286 112 63 42 34 0.719116
1287 111 63 42 34 0.695630
1288 110 63 42 34 0.725556
1289 109 63 42 34 0.689477
1290 109 63 42 34 0.679683
1291 109 63 42 34 0.660806
1292 109 63 42 34 0.600998
1293 109 64 42 34 0.963699
1294 109 65 42 34 0.915236
1295 109 65 42 34 0.945878
1296 109 66 42 34 0.907767
1297 109 66 42 34 0.897965
1298 109 67 42 34 0.845526
1299 109 68 43 35 0.832116
1300 110 69 43 35 0.812824
1301 111 70 43 35 0.821487
1302 112 71 43 35 0.804856
1303 113 72 43 35 0.792400
1304 113 72 44 36 0.784447
1305 114 73 44 36 0.750302
1306 115 73 44 36 0.779898
1307 116 73 44 36 0.818396
1308 117 75 40 33 0.753563
1309 118 76 40 33 0.739616
1310 119 77 40 33 0.693270
1311 119 77 40 33 0.742199
1312 119 77 40 33 0.755842
1313 119 77 40 33 0.749415
1314 119 77 40 33 0.748459
1315 119 77 40 33 0.733761
1316 119 77 40 33 0.739645
1317 119 77 40 33 0.738632
1318 119 77 40 33 0.740414
1319 119 77 40 33 0.749956
1320 119 77 40 33 0.748437
1321 119 77 40 33 0.753194
1322 119 77 40 33 0.753176
1323 119 77 40 33 0.757962
1324 119 77 40 33 0.749426
1325 119 77 40 33 0.737553
1326 119 77 40 33 0.731695
1327 119 77 40 33 0.715717
1328 119 77 40 33 0.703426
1329 119 77 40 33 0.698907
1330 119 77 40 33 0.694592
1331 119 77 40 33 0.714154
1332 119 77 40 33 0.693708
1333 119 77 40 33 0.700839
1334 119 77 40 33 0.711304
1335 119 77 40 33 0.719462
1336 119 77 40 33 0.707244
1337 119 77 40 33 0.714017
1338 119 77 40 33 0.743461
1339 119 77 40 33 0.768935
1340 118 77 40 33 0.747985
1341 118 77 40 33 0.743745
1342 118 77 40 33 0.743150
1343 118 77 40 33 0.733333
1344 118 77 40 33 0.727833
1345 118 77 40 33 0.737235
1346 118 77 40 33 0.753804
1347 118 77 40 33 0.744115
1348 118 77 40 33 0.734632
1349 119 77 40 33 0.750518
1350 119 78 40 33 0.720058
1351 119 79 40 33 0.715987
1352 119 79 40 33 0.690104
1353 119 80 39 33 0.660154
1354 119 80 39 33 0.643687
1355 119 80 39 33 0.975052
1356 119 80 39 33 0.974071
1357 119 80 39 33 0.971722
1358 119 80 40 33 0.964905
1359 119 80 40 33 0.954081
1360 119 80 40 33 0.886390
1361 119 80 40 33 0.848045
1362 119 80 40 33 0.825856
1363 119 80 40 33 0.805087
1364 119 80 40 33 0.792300
1365 119 80 40 33 0.799396
1366 119 80 40 33 0.814994
1367 119 80 40 33 0.827595
1368 119 80 40 33 0.846881
1369 119 80 40 33 0.854351
1370 119 80 40 33 0.865979
1371 119 80 40 33 0.854275
1372 119 80 40 33 0.835356
1373 119 80 41 33 0.859869
1374 119 80 41 33 0.823392
1375 119 80 41 33 0.766880
1376 121 84 35 29 0.736636
1377 122 86 34 28 0.711197
1378 123 88 35 29 0.730962
1379 NaN NaN NaN NaN NaN
1380 NaN NaN NaN NaN NaN
1381 NaN NaN NaN NaN NaN
1382 NaN NaN NaN NaN NaN
1383 NaN NaN NaN NaN NaN
1384 NaN NaN NaN NaN NaN
1385 NaN NaN NaN NaN NaN
1386 NaN NaN NaN NaN NaN
1387 NaN NaN NaN NaN NaN
1388 NaN NaN NaN NaN NaN
1389 NaN NaN NaN NaN NaN
1390 NaN NaN NaN NaN NaN
1391 NaN NaN NaN NaN NaN
1392 NaN NaN NaN NaN NaN
1393 NaN NaN NaN NaN NaN
1394 NaN NaN NaN NaN NaN
1395 NaN NaN NaN NaN NaN
1396 NaN NaN NaN NaN NaN
1397 NaN NaN NaN NaN NaN
1398 NaN NaN NaN NaN NaN
1399 NaN NaN NaN NaN NaN
1400 NaN NaN NaN NaN NaN
1401 NaN NaN NaN NaN NaN
1402 NaN NaN NaN NaN NaN
1403 NaN NaN NaN NaN NaN
1404 NaN NaN NaN NaN NaN
1405 NaN NaN NaN NaN NaN
1406 NaN NaN NaN NaN NaN
1407 NaN NaN NaN NaN NaN
1408 NaN NaN NaN NaN NaN
1409 NaN NaN NaN NaN NaN
1410 NaN NaN NaN NaN NaN
1411 NaN NaN NaN NaN NaN
1412 NaN NaN NaN NaN NaN
1413 NaN NaN NaN NaN NaN
1414 NaN NaN NaN NaN NaN
1415 NaN NaN NaN NaN NaN
1416 NaN NaN NaN NaN NaN
1417 NaN NaN NaN NaN NaN
1418 NaN NaN NaN NaN NaN
1419 NaN NaN NaN NaN NaN
1420 NaN NaN NaN NaN NaN
1421 NaN NaN NaN NaN NaN
1422 NaN NaN NaN NaN NaN
1423 NaN NaN NaN NaN NaN
1424 NaN NaN NaN NaN NaN
1425 NaN NaN NaN NaN NaN
1426 NaN NaN NaN NaN NaN
1427 NaN NaN NaN NaN NaN
1428 NaN NaN NaN NaN NaN
1429 NaN NaN NaN NaN NaN
1430 NaN NaN NaN NaN NaN
1431 NaN NaN NaN NaN NaN
1432 NaN NaN NaN NaN NaN
1433 NaN NaN NaN NaN NaN
1434 NaN NaN NaN NaN NaN
1435 NaN NaN NaN NaN NaN
1436 NaN NaN NaN NaN NaN
1437 NaN NaN NaN NaN NaN
1438 NaN NaN NaN NaN NaN
1439 NaN NaN NaN NaN NaN
1440 112 78 44 36 0.683031
1441 106 73 42 34 0.633471
1442 100 69 42 34 0.629404
1443 95 66 42 34 0.593730
1444 91 64 42 34 0.576237
1445 89 63 42 34 0.579365
1446 88 63 42 34 0.581430
1447 88 63 42 34 0.576316
1448 88 64 42 34 0.570758
1449 89 65 42 34 0.572223
1450 90 66 42 34 0.585262
1451 91 67 42 34 0.593800
1452 92 68 42 34 0.607702
1453 93 69 42 34 0.612557
1454 93 68 46 37 0.675346
1455 96 69 46 37 0.733740
1456 99 70 46 37 0.754318
1457 101 71 46 37 0.761583
1458 103 72 46 37 0.763638
1459 104 72 46 37 0.759091
1460 104 72 46 37 0.776863
1461 104 72 46 37 0.763797
1462 104 72 46 37 0.744782
1463 105 72 46 37 0.677786
1464 105 71 46 37 0.717861
1465 105 70 46 37 0.700483
1466 106 68 46 37 0.677301
1467 109 65 46 37 0.686939
1468 113 62 45 37 0.694006
1469 124 60 35 29 0.736710
1470 127 57 33 27 0.682624
1471 123 53 33 27 0.655946
1472 116 50 33 27 0.575635
1473 106 47 32 26 0.797306
1474 100 47 36 30 0.736601
1475 88 44 35 29 0.711014
1476 76 42 34 28 0.683722
1477 63 41 34 28 0.652599
1478 52 40 35 29 0.662561
1479 44 41 35 29 0.666183
1480 38 42 34 29 0.695278
1481 33 43 34 29 0.714504
1482 29 45 34 29 0.725838
1483 26 47 34 29 0.732320
1484 24 49 34 29 0.709790
1485 22 51 35 29 0.722222
1486 22 52 35 29 0.727846
1487 22 53 35 29 0.741301
1488 21 54 35 29 0.733265
1489 21 55 35 29 0.709020
1490 22 58 35 29 0.720550
1491 24 62 34 29 0.663879
1492 28 67 33 28 0.675965
1493 34 70 31 27 0.716493
1494 40 70 30 26 0.717045
1495 48 69 29 25 0.728358
1496 57 68 29 25 0.685597
1497 66 67 29 25 0.622018
1498 76 66 29 25 0.916226
1499 84 65 30 26 0.866194
1500 93 64 31 26 0.865430
1501 101 63 32 27 0.751871
1502 109 63 33 28 0.770313
1503 116 62 34 29 0.763621
1504 122 61 35 30 0.787444
1505 127 61 33 27 0.753485
1506 127 61 33 27 0.740814
1507 124 60 34 28 0.770055
1508 119 59 34 28 0.783634
1509 112 59 34 28 0.796394
1510 104 58 35 29 0.744498
1511 96 58 36 29 0.781288
1512 89 59 36 29 0.793449
1513 86 59 35 28 0.736097
1514 79 61 36 29 0.752940
1515 72 63 36 29 0.745901
1516 67 66 35 29 0.744149
1517 64 69 34 28 0.690075
1518 61 72 33 27 0.642697
1519 59 73 33 27 0.974819
1520 58 73 33 27 0.950885
1521 58 72 34 27 0.895686
1522 59 71 34 27 0.961226
1523 62 71 34 27 0.944660
1524 67 71 34 27 0.894641
1525 74 71 34 27 0.820840
1526 81 71 34 27 0.774115
1527 88 70 35 28 0.807881
1528 95 70 36 29 0.707325
1529 100 71 36 29 0.703490
1530 103 71 36 29 0.710395
1531 104 71 35 28 0.701936
1532 103 70 34 27 0.641350
1533 102 68 33 26 0.858218
1534 101 67 33 26 0.836835
1535 101 67 33 26 0.857614
1536 101 67 33 26 0.874601
1537 102 67 33 26 0.914942
1538 104 68 33 26 0.920843
1539 107 70 33 26 0.884053
1540 110 70 33 26 0.870043
1541 113 68 34 27 0.856536
1542 115 67 35 28 0.858810
1543 117 67 36 29 0.844405
1544 119 67 37 30 0.807702
1545 120 67 37 30 0.792477
1546 121 67 37 30 0.757463
1547 122 67 37 30 0.708775
1548 122 67 37 30 0.697177
1549 122 67 37 30 0.641176
1550 122 66 37 30 0.924470
1551 121 65 37 30 0.795325
1552 120 64 37 30 0.739819
1553 119 63 37 30 0.695782
1554 118 61 36 30 0.781572
1555 115 60 36 30 0.793492
1556 113 60 36 30 0.765851
1557 111 59 36 30 0.756990
1558 108 58 36 30 0.749183
1559 105 57 37 31 0.695702
1560 104 57 37 31 0.690853
1561 102 57 37 31 0.699464
1562 100 56 38 32 0.677921
1563 100 56 38 32 0.666259
1564 100 56 38 32 0.659843
1565 100 56 38 32 0.666517
1566 100 57 38 32 0.678885
1567 100 57 38 32 0.695215
1568 99 57 38 32 0.690462
1569 97 57 38 32 0.704121
1570 95 56 39 33 0.719591
1571 94 56 39 33 0.719364
1572 93 55 39 33 0.701639
1573 92 55 39 33 0.711194
1574 91 55 39 33 0.709625
1575 91 55 39 33 0.704148
1576 91 55 39 33 0.713026
1577 91 55 39 33 0.726448
1578 91 55 39 33 0.742032
1579 91 55 39 33 0.742022
1580 91 55 39 33 0.741878
1581 91 55 39 33 0.716773
1582 91 55 39 33 0.708669
1583 91 55 39 33 0.686506
1584 91 55 39 33 0.663154
1585 91 55 39 33 0.668598
1586 91 55 39 33 0.680159
1587 91 55 39 33 0.683201
1588 91 55 39 33 0.685706
1589 91 55 39 33 0.680431
1590 91 55 39 33 0.662008
1591 91 55 39 33 0.667047
1592 91 55 39 33 0.672345
1593 91 55 39 33 0.691835
1594 91 55 39 33 0.701909
1595 91 55 39 33 0.713217
1596 91 55 39 33 0.706401
1597 91 55 39 33 0.679834
1598 91 55 39 33 0.657591
1599 91 55 39 33 0.668260
1600 92 55 39 33 0.648829
1601 92 55 39 33 0.974591
1602 92 55 39 33 0.964884
1603 92 55 39 33 0.951045
1604 92 55 39 33 0.946882
1605 92 55 39 33 0.945696
1606 92 55 39 33 0.947147
1607 92 55 39 33 0.925161
1608 93 55 39 33 0.924379
1609 94 55 39 33 0.832217
1610 95 55 39 33 0.755350
1611 96 55 39 33 0.711879
1612 97 55 39 33 0.649120
1613 97 55 39 33 0.907251
1614 97 55 39 33 0.883788
1615 97 55 39 33 0.826887
1616 97 55 39 33 0.802381
1617 97 55 39 33 0.780511
1618 97 55 39 33 0.769526
1619 97 55 39 33 0.767137
1620 97 55 39 33 0.771308
1621 97 55 39 33 0.763848
1622 97 55 39 33 0.741194
1623 97 55 39 33 0.731313
1624 97 55 39 33 0.720061
1625 97 55 39 33 0.698329
1626 97 55 39 33 0.682693
1627 97 55 39 33 0.671199
1628 97 55 39 33 0.672154
1629 97 55 39 33 0.697430
1630 97 55 39 33 0.702757
1631 97 55 39 33 0.710498
1632 97 55 39 33 0.701976
1633 97 55 39 33 0.690022
1634 97 55 39 33 0.662177
1635 97 55 39 33 0.643800
1636 97 55 39 33 0.977994
1637 97 55 39 33 0.962573
1638 97 55 39 33 0.966379
1639 97 55 39 33 0.971419
1640 97 55 39 33 0.981401
1641 97 55 39 33 0.982661
1642 97 55 39 33 0.981012
1643 97 55 39 33 0.974151
1644 97 55 39 33 0.969715
1645 97 55 39 33 0.967464
1646 97 55 39 33 0.980912
1647 97 55 39 33 0.985343
1648 97 55 39 33 0.973168
1649 97 55 39 33 0.956494
1650 97 55 39 33 0.929433
1651 97 55 39 33 0.914904
1652 97 55 39 33 0.909072
1653 96 55 39 33 0.867784
1654 95 55 39 33 0.849864
1655 94 55 39 33 0.832283
1656 93 55 39 33 0.797385
1657 93 55 39 33 0.787202
1658 93 55 39 33 0.796108
1659 94 55 39 33 0.817636
1660 95 55 39 33 0.849907
1661 96 55 39 33 0.843795
1662 96 55 39 33 0.883255
1663 96 55 39 33 0.866575
1664 96 55 39 33 0.817246
1665 96 55 39 33 0.748327
1666 96 55 39 33 0.739571
1667 96 55 39 33 0.750532
1668 96 55 39 33 0.767084
1669 96 55 39 33 0.775860
1670 96 55 39 33 0.754763
1671 96 55 39 33 0.736585
1672 96 55 39 33 0.719512
1673 96 55 39 33 0.703462
1674 96 55 39 33 0.691713
1675 96 55 39 33 0.682718
1676 96 55 39 33 0.674709
1677 96 55 39 33 0.676189
1678 96 55 39 33 0.685157
1679 96 55 39 33 0.690724
1680 96 55 39 33 0.693205
1681 96 55 39 33 0.690833
1682 96 55 39 33 0.664736
1683 96 55 39 33 0.640214
1684 96 55 39 33 0.987438
1685 96 55 39 33 0.983912
1686 96 55 39 33 0.984758
1687 96 55 39 33 0.933417
1688 96 55 39 33 0.889389
1689 96 55 39 33 0.883903
1690 96 55 39 33 0.893453
1691 96 55 39 33 0.893995
1692 96 55 39 33 0.931201
1693 96 55 39 33 0.976003
1694 96 55 39 33 0.957763
1695 96 55 39 33 0.922595
1696 96 55 39 33 0.904017
1697 96 55 39 33 0.881818
1698 96 55 39 33 0.864114
1699 96 55 39 33 0.943675
1700 96 55 39 33 0.951315
1701 96 55 39 33 0.947306
1702 96 55 39 33 0.949481
1703 96 55 39 33 0.954080
1704 96 55 39 33 0.956201
1705 96 55 39 33 0.904716
1706 96 55 39 33 0.819789
1707 96 55 39 33 0.765271
1708 97 55 39 33 0.809366
1709 98 55 39 33 0.770027
1710 99 55 38 32 0.770682
1711 100 56 37 31 0.790687
1712 102 58 35 29 0.761620
1713 107 62 32 27 0.737474
1714 113 67 29 25 0.649946
1715 NaN NaN NaN NaN NaN
1716 NaN NaN NaN NaN NaN
1717 NaN NaN NaN NaN NaN
1718 NaN NaN NaN NaN NaN
1719 NaN NaN NaN NaN NaN
1720 NaN NaN NaN NaN NaN
1721 NaN NaN NaN NaN NaN
1722 NaN NaN NaN NaN NaN
1723 NaN NaN NaN NaN NaN
1724 NaN NaN NaN NaN NaN
1725 NaN NaN NaN NaN NaN
1726 NaN NaN NaN NaN NaN
1727 NaN NaN NaN NaN NaN
1728 NaN NaN NaN NaN NaN
1729 NaN NaN NaN NaN NaN
1730 NaN NaN NaN NaN NaN
1731 NaN NaN NaN NaN NaN
1732 NaN NaN NaN NaN NaN
1733 NaN NaN NaN NaN NaN
1734 NaN NaN NaN NaN NaN
1735 NaN NaN NaN NaN NaN
1736 NaN NaN NaN NaN NaN
1737 NaN NaN NaN NaN NaN
1738 NaN NaN NaN NaN NaN
1739 NaN NaN NaN NaN NaN
1740 NaN NaN NaN NaN NaN
1741 NaN NaN NaN NaN NaN
1742 NaN NaN NaN NaN NaN
1743 NaN NaN NaN NaN NaN
1744 NaN NaN NaN NaN NaN
1745 NaN NaN NaN NaN NaN
1746 NaN NaN NaN NaN NaN
1747 NaN NaN NaN NaN NaN
1748 NaN NaN NaN NaN NaN
1749 NaN NaN NaN NaN NaN
1750 NaN NaN NaN NaN NaN
1751 NaN NaN NaN NaN NaN
1752 NaN NaN NaN NaN NaN
1753 NaN NaN NaN NaN NaN
1754 NaN NaN NaN NaN NaN
1755 NaN NaN NaN NaN NaN
1756 NaN NaN NaN NaN NaN
1757 NaN NaN NaN NaN NaN
1758 NaN NaN NaN NaN NaN
1759 NaN NaN NaN NaN NaN
1760 NaN NaN NaN NaN NaN
1761 NaN NaN NaN NaN NaN
1762 NaN NaN NaN NaN NaN
1763 NaN NaN NaN NaN NaN
1764 NaN NaN NaN NaN NaN
1765 NaN NaN NaN NaN NaN
1766 NaN NaN NaN NaN NaN
1767 NaN NaN NaN NaN NaN
1768 NaN NaN NaN NaN NaN
1769 NaN NaN NaN NaN NaN
1770 NaN NaN NaN NaN NaN
1771 NaN NaN NaN NaN NaN
1772 NaN NaN NaN NaN NaN
1773 NaN NaN NaN NaN NaN
1774 NaN NaN NaN NaN NaN
1775 NaN NaN NaN NaN NaN
1776 NaN NaN NaN NaN NaN
1777 NaN NaN NaN NaN NaN
1778 NaN NaN NaN NaN NaN
1779 NaN NaN NaN NaN NaN
1780 NaN NaN NaN NaN NaN
1781 NaN NaN NaN NaN NaN
1782 NaN NaN NaN NaN NaN
1783 106 59 37 31 0.699593
1784 104 56 38 32 0.766801
1785 103 54 39 33 0.749579
1786 103 53 40 34 0.724898
1787 103 53 40 34 0.732693
1788 103 53 40 34 0.756312
1789 103 53 40 34 0.720098
1790 103 53 40 34 0.742655
1791 103 53 40 34 0.759097
1792 103 53 40 34 0.753865
1793 103 53 40 34 0.752346
1794 102 53 41 35 0.721598
1795 101 53 42 36 0.708574
1796 101 53 42 36 0.685286
1797 101 53 42 36 0.678103
1798 100 53 42 36 0.649921
1799 99 53 42 36 0.947416
1800 99 53 42 36 0.968842
1801 98 53 42 36 0.929479
1802 97 53 42 36 0.873423
1803 96 53 42 36 0.817222
1804 96 53 42 36 0.850759
1805 96 53 42 36 0.873791
1806 96 53 42 36 0.862649
1807 96 53 42 36 0.853179
1808 96 53 42 36 0.850671
1809 96 53 42 36 0.845109
1810 96 53 42 36 0.840405
1811 96 53 42 36 0.835797
1812 96 53 42 36 0.830887
1813 96 53 42 36 0.843557
1814 96 53 42 36 0.834170
1815 96 53 42 36 0.763916
1816 97 53 42 36 0.812068
1817 97 53 42 36 0.793737
1818 97 53 42 36 0.780198
1819 97 53 42 36 0.770861
1820 97 53 42 36 0.769650
1821 97 53 42 36 0.764432
1822 97 53 42 36 0.747416
1823 97 53 42 36 0.746797
1824 97 53 42 36 0.743279
1825 97 53 42 36 0.745363
1826 97 53 42 36 0.750667
1827 97 53 42 36 0.750039
1828 97 53 42 36 0.744403
1829 97 53 42 36 0.732118
1830 97 53 42 36 0.686488
1831 98 53 42 36 0.663363
1832 99 53 42 36 0.711332
1833 100 53 42 36 0.712230
1834 101 53 42 36 0.688794
1835 102 53 42 36 0.670676
1836 103 54 42 36 0.686230
1837 104 54 42 36 0.687899
1838 105 54 42 36 0.701407
1839 105 54 42 36 0.651684
1840 105 54 42 36 0.627518
1841 105 54 42 36 0.982140
1842 105 54 42 36 0.966811
1843 105 54 42 36 0.937192
1844 105 54 42 36 0.900323
1845 105 54 42 36 0.852555
1846 105 54 42 36 0.808606
1847 105 54 42 36 0.763538
1848 105 54 42 36 0.698351
1849 105 55 42 36 0.781869
1850 105 56 42 36 0.838618
1851 105 56 42 36 0.823981
1852 105 56 42 36 0.868718
1853 105 56 42 36 0.870297
1854 105 56 42 36 0.835501
1855 105 56 42 36 0.779917
1856 105 56 42 36 0.727890
1857 105 56 42 36 0.684416
1858 105 56 42 36 0.625654
1859 105 56 42 36 0.971462
1860 105 56 42 36 0.949857
1861 105 56 42 36 0.926669
1862 105 56 42 36 0.906604
1863 105 56 42 36 0.898648
1864 105 56 42 36 0.897485
1865 105 56 42 36 0.901040
1866 105 56 42 36 0.875932
1867 105 56 42 36 0.853736
1868 105 56 42 36 0.845541
1869 105 56 42 36 0.829144
1870 105 56 42 36 0.823185
1871 105 56 42 36 0.824548
1872 105 56 42 36 0.830566
1873 105 56 42 36 0.837852
1874 105 56 42 36 0.829710
1875 105 56 42 36 0.804657
1876 105 56 42 36 0.768327
1877 105 56 42 36 0.749082
1878 105 56 42 36 0.750083
1879 105 56 42 36 0.742656
1880 105 56 42 36 0.737427
1881 105 56 42 36 0.718038
1882 105 56 42 36 0.715901
1883 105 56 42 36 0.724171
1884 105 56 42 36 0.737873
1885 105 56 42 36 0.737379
1886 105 56 42 36 0.731297
1887 105 56 42 36 0.704308
1888 105 56 42 36 0.682688
1889 104 56 42 36 0.728950
1890 103 55 42 36 0.773566
1891 103 54 42 36 0.696225
1892 102 53 42 36 0.744876
1893 101 52 42 36 0.765095
1894 100 51 42 36 0.785510
1895 99 50 42 36 0.797299
1896 98 49 42 36 0.813881
1897 97 48 42 36 0.854260
1898 97 47 42 36 0.747200
1899 97 46 42 36 0.724442
1900 97 45 42 36 0.785160
1901 98 45 42 36 0.713178
1902 99 45 42 36 0.692837
1903 100 45 42 36 0.697961
1904 101 45 42 36 0.734958
1905 102 45 42 36 0.732675
1906 103 45 42 36 0.691130
1907 103 45 42 36 0.657766
1908 103 45 42 36 0.669097
1909 103 45 42 36 0.668209
1910 103 45 42 36 0.659181
1911 102 45 42 36 0.668494
1912 101 45 42 36 0.666094
1913 100 45 42 36 0.664709
1914 99 45 42 36 0.676066
1915 98 45 42 36 0.693285
1916 98 45 42 36 0.679525
1917 98 45 42 36 0.675928
1918 98 45 42 36 0.658913
1919 98 45 42 36 0.657512
1920 98 45 42 36 0.654999
1921 98 45 42 36 0.662161
1922 97 47 41 36 0.695348
1923 96 49 40 35 0.683397
