2 NaN NaN NaN NaN NaN
3 NaN NaN NaN NaN NaN
4 NaN NaN NaN NaN NaN
5 NaN NaN NaN NaN NaN
6 NaN NaN NaN NaN NaN
7 NaN NaN NaN NaN NaN
8 NaN NaN NaN NaN NaN
9 NaN NaN NaN NaN NaN
10 NaN NaN NaN NaN NaN
11 NaN NaN NaN NaN NaN
12 NaN NaN NaN NaN NaN
13 NaN NaN NaN NaN NaN
14 NaN NaN NaN NaN NaN
15 NaN NaN NaN NaN NaN
16 NaN NaN NaN NaN NaN
17 NaN NaN NaN NaN NaN
18 NaN NaN NaN NaN NaN
19 NaN NaN NaN NaN NaN
20 NaN NaN NaN NaN NaN
21 NaN NaN NaN NaN NaN
22 NaN NaN NaN NaN NaN
23 NaN NaN NaN NaN NaN
24 NaN NaN NaN NaN NaN
25 NaN NaN NaN NaN NaN
26 NaN NaN NaN NaN NaN
27 NaN NaN NaN NaN NaN
28 NaN NaN NaN NaN NaN
29 NaN NaN NaN NaN NaN
30 NaN NaN NaN NaN NaN
31 NaN NaN NaN NaN NaN
32 NaN NaN NaN NaN NaN
33 NaN NaN NaN NaN NaN
34 NaN NaN NaN NaN NaN
35 NaN NaN NaN NaN NaN
36 NaN NaN NaN NaN NaN
37 NaN NaN NaN NaN NaN
38 NaN NaN NaN NaN NaN
39 NaN NaN NaN NaN NaN
40 NaN NaN NaN NaN NaN
41 NaN NaN NaN NaN NaN
42 NaN NaN NaN NaN NaN
43 NaN NaN NaN NaN NaN
44 NaN NaN NaN NaN NaN
45 NaN NaN NaN NaN NaN
46 NaN NaN NaN NaN NaN
47 NaN NaN NaN NaN NaN
48 NaN NaN NaN NaN NaN
49 NaN NaN NaN NaN NaN
50 NaN NaN NaN NaN NaN
51 NaN NaN NaN NaN NaN
52 NaN NaN NaN NaN NaN
53 NaN NaN NaN NaN NaN
54 NaN NaN NaN NaN NaN
55 NaN NaN NaN NaN NaN
56 NaN NaN NaN NaN NaN
57 NaN NaN NaN NaN NaN
58 NaN NaN NaN NaN NaN
59 NaN NaN NaN NaN NaN
60 NaN NaN NaN NaN NaN
61 84 59 36 27 0.983905
62 84 59 36 27 0.978532
63 84 59 36 27 0.974872
64 84 59 36 27 0.974104
65 84 59 36 27 0.970216
66 84 59 36 27 0.975293
67 84 59 36 27 0.967276
68 84 59 36 27 0.955115
69 84 59 36 27 0.945106
70 84 59 36 27 0.939411
71 84 59 36 27 0.950124
72 84 59 36 27 0.955137
73 84 59 36 27 0.960864
74 83 59 36 27 0.895801
75 82 59 36 27 0.828617
76 81 59 36 27 0.828336
77 80 59 36 27 0.795944
78 80 59 36 27 0.857851
79 80 59 36 27 0.852293
80 81 59 36 27 0.941576
81 82 59 36 27 0.936660
82 83 59 36 27 0.909029
83 84 59 36 27 0.866668
84 85 59 36 27 0.819298
85 86 59 36 27 0.762761
86 86 59 36 27 0.791543
87 86 59 36 27 0.754507
88 85 59 37 27 0.723427
89 84 59 38 27 0.677593
90 84 59 38 27 0.623030
91 83 59 38 27 0.953120
92 83 59 38 27 0.940340
93 83 59 38 27 0.882524
94 83 59 38 27 0.837999
95 83 59 38 27 0.809798
96 83 59 38 27 0.782837
97 83 59 38 27 0.776577
98 83 59 38 27 0.788354
99 83 59 38 27 0.792654
100 83 59 38 27 0.782254
101 83 59 38 27 0.782727
102 83 59 38 27 0.797917
103 83 59 38 27 0.792599
104 83 59 38 27 0.782894
105 83 59 38 27 0.787072
106 83 59 38 27 0.803666
107 83 59 38 27 0.796293
108 83 59 38 27 0.788993
109 83 59 38 27 0.820280
110 83 59 38 27 0.815951
111 83 59 38 27 0.809380
112 83 59 38 27 0.815064
113 83 59 38 27 0.806325
114 83 59 38 27 0.834261
115 83 59 38 27 0.865794
116 83 59 38 27 0.888924
117 83 59 38 27 0.895620
118 83 59 38 27 0.864985
119 83 59 38 27 0.789954
120 83 59 38 27 0.857944
121 83 59 38 27 0.916733
122 83 59 38 27 0.944883
123 83 59 38 27 0.952313
124 83 59 38 27 0.954270
125 83 59 38 27 0.954866
126 83 59 38 27 0.956148
127 83 59 38 27 0.952563
128 83 59 38 27 0.939197
129 82 59 38 27 0.942311
130 81 59 38 27 0.940735
131 80 59 38 27 0.928614
132 79 59 38 27 0.850281
133 79 59 38 27 0.876302
134 79 59 38 27 0.862718
135 79 59 38 27 0.808112
136 80 59 38 27 0.843436
137 81 59 38 27 0.888480
138 82 59 38 27 0.940337
139 83 59 38 27 0.946833
140 84 59 38 27 0.939815
141 85 59 38 27 0.915133
142 86 59 38 27 0.878267
143 87 59 38 27 0.790660
144 88 59 38 27 0.698078
145 88 59 38 27 0.716935
146 88 59 38 27 0.710698
147 88 59 38 27 0.671741
148 88 59 38 27 0.627326
149 87 59 38 27 0.929752
150 87 59 38 27 0.947029
151 87 59 38 27 0.944087
152 87 59 38 27 0.935734
153 87 59 38 27 0.939314
154 87 59 38 27 0.948712
155 87 59 38 27 0.942845
156 87 59 38 27 0.919411
157 87 59 38 27 0.875166
158 87 59 38 27 0.824504
159 87 59 38 27 0.806462
160 87 59 38 27 0.835324
161 87 59 38 27 0.860265
162 87 59 38 27 0.864142
163 87 59 38 27 0.841239
164 87 59 38 27 0.806071
165 87 59 38 27 0.771291
166 87 59 38 27 0.768627
167 87 59 38 27 0.780796
168 87 59 38 27 0.801879
169 87 59 38 27 0.810685
170 87 59 38 27 0.791250
171 87 59 38 27 0.785702
172 87 59 38 27 0.781721
173 87 59 38 27 0.789335
174 87 59 38 27 0.798043
175 87 59 38 27 0.775727
176 87 59 38 27 0.767854
177 87 59 38 27 0.761936
178 87 59 38 27 0.772856
179 87 59 38 27 0.791112
180 87 59 38 27 0.798746
181 87 59 38 27 0.802393
182 87 59 38 27 0.792707
183 87 59 38 27 0.774964
184 87 59 38 27 0.766467
185 87 59 38 27 0.754124
186 87 59 38 27 0.772538
187 87 59 38 27 0.802923
188 87 59 38 27 0.824557
189 88 59 38 27 0.700717
190 88 59 38 27 0.738443
191 89 59 38 27 0.752848
192 90 59 38 27 0.759791
193 90 59 38 27 0.715644
194 90 59 38 27 0.730362
195 90 59 38 27 0.740528
196 90 59 38 27 0.746372
197 90 59 38 27 0.736105
198 90 59 38 27 0.707966
199 90 59 38 27 0.744408
200 90 59 38 27 0.766340
201 90 59 38 27 0.786615
202 90 59 38 27 0.788111
203 90 59 38 27 0.787230
204 90 59 38 27 0.784678
205 90 59 38 27 0.781537
206 90 59 38 27 0.773434
207 90 59 38 27 0.773312
208 90 59 38 27 0.781785
209 90 59 38 27 0.789737
210 90 59 38 27 0.802681
211 90 59 38 27 0.803079
212 90 59 38 27 0.810870
213 90 59 38 27 0.807997
214 90 59 38 27 0.804204
215 90 59 38 27 0.804087
216 90 59 38 27 0.807361
217 90 59 38 27 0.802532
218 90 59 38 27 0.789529
219 90 59 38 27 0.792981
220 90 59 38 27 0.797954
221 90 59 38 27 0.793149
222 90 59 38 27 0.790424
223 90 59 38 27 0.793787
224 90 59 38 27 0.792225
225 90 59 38 27 0.797408
226 90 59 38 27 0.803844
227 90 59 38 27 0.804160
228 90 59 38 27 0.805014
229 90 59 38 27 0.800712
230 90 59 38 27 0.802986
231 90 59 38 27 0.803459
232 90 59 38 27 0.797627
233 90 59 38 27 0.785761
234 90 59 38 27 0.777444
235 90 59 38 27 0.756050
236 91 59 38 27 0.836425
237 91 59 38 27 0.815420
238 91 59 38 27 0.807100
239 91 59 38 27 0.822917
240 91 59 38 27 0.847022
241 90 59 38 27 0.770489
242 89 59 38 27 0.814072
243 88 59 38 27 0.700571
244 87 59 38 27 0.817479
245 86 59 38 27 0.848835
246 85 59 38 27 0.858254
247 84 59 38 27 0.870591
248 83 59 38 27 0.859726
249 82 59 38 27 0.833758
250 81 59 38 27 0.790203
251 81 59 38 27 0.844393
252 81 59 38 27 0.859200
253 81 59 38 27 0.861281
254 81 59 38 27 0.860392
255 81 59 38 27 0.851565
256 81 59 38 27 0.820366
257 81 59 38 27 0.741838
258 82 60 38 27 0.772207
259 84 61 38 27 0.828097
260 85 62 38 27 0.810171
261 86 62 38 27 0.815953
262 86 62 38 27 0.770431
263 86 62 38 27 0.762540
264 86 62 38 27 0.797244
265 86 62 38 27 0.810600
266 85 61 38 27 0.811033
267 84 60 38 27 0.798136
268 83 60 38 27 0.732875
269 83 60 38 27 0.766609
270 83 60 38 27 0.760287
271 83 60 38 27 0.718826
272 83 60 38 27 0.686796
273 83 60 37 27 0.669670
274 82 60 37 27 0.651419
275 81 60 37 27 0.642707
276 81 59 37 27 0.965243
277 81 58 37 27 0.955391
278 81 58 37 27 0.964398
279 81 58 37 27 0.953368
280 81 58 37 27 0.964735
281 81 58 37 27 0.983157
282 81 58 37 27 0.985195
283 81 58 37 27 0.976519
284 81 57 37 27 0.947031
285 81 57 37 27 0.953450
286 81 57 37 27 0.957875
287 81 57 37 27 0.928833
288 81 57 37 27 0.867565
289 81 57 37 27 0.794019
290 82 57 37 27 0.922719
291 82 57 37 27 0.882927
292 82 57 37 27 0.857042
293 82 57 37 27 0.805380
294 82 57 37 27 0.731382
295 82 57 37 27 0.673261
296 82 57 37 27 0.627431
297 82 57 37 27 0.939689
298 82 57 37 27 0.801832
299 82 57 37 27 0.702498
300 82 57 37 27 0.659355
301 82 57 37 27 0.641538
302 82 57 37 27 0.980406
303 82 57 37 27 0.949964
304 82 57 37 27 0.892509
305 83 57 37 27 0.889867
306 84 57 37 27 0.844026
307 85 57 37 27 0.817725
308 85 57 37 27 0.771040
309 85 57 37 27 0.768936
310 85 57 37 27 0.798071
311 85 57 37 27 0.852630
312 84 57 37 27 0.797115
313 83 57 37 27 0.766804
314 82 57 37 27 0.729247
315 82 57 37 27 0.797038
316 82 57 37 27 0.825301
317 82 57 37 27 0.851400
318 81 57 37 27 0.816709
319 80 57 37 27 0.828221
320 78 57 37 27 0.817471
321 75 57 37 27 0.763435
322 71 57 37 27 0.697494
323 67 57 37 27 0.651556
324 63 57 37 27 0.639420
325 58 57 37 27 0.977660
326 53 57 37 27 0.964406
327 48 57 38 27 0.937780
328 44 57 38 27 0.895850
329 41 57 38 27 0.868820
330 38 57 38 27 0.862009
331 35 57 38 27 0.859586
332 33 56 38 27 0.839260
333 32 54 38 27 0.830269
334 31 52 38 27 0.802547
335 31 50 38 27 0.792864
336 31 48 38 27 0.770295
337 31 46 39 27 0.795003
338 31 45 39 27 0.780160
339 31 44 39 27 0.780748
340 32 43 39 27 0.775054
341 33 43 39 27 0.781973
342 34 43 39 27 0.787068
343 35 43 39 27 0.782473
344 35 43 39 27 0.798582
345 35 43 39 27 0.770403
346 35 43 39 27 0.766641
347 35 43 39 27 0.771395
348 35 43 39 27 0.751064
349 35 43 39 27 0.755949
350 35 43 39 27 0.752126
351 35 43 39 27 0.756208
352 35 43 39 27 0.755098
353 35 43 39 27 0.752385
354 35 43 39 27 0.749553
355 35 43 39 27 0.746598
356 35 43 39 27 0.746280
357 35 43 39 27 0.746057
358 35 43 39 27 0.743100
359 35 43 39 27 0.729753
360 35 43 39 27 0.723129
361 35 43 39 27 0.720618
362 35 43 39 27 0.723216
363 35 43 39 27 0.731866
364 35 43 39 27 0.741705
365 35 43 39 27 0.768307
366 35 43 39 27 0.775741
367 35 43 39 27 0.775389
368 35 43 39 27 0.774732
369 35 43 39 27 0.749589
370 35 43 39 27 0.744646
371 35 43 39 27 0.742145
372 35 43 39 27 0.739425
373 35 43 39 27 0.727022
374 35 43 39 27 0.713309
375 35 43 39 27 0.714898
376 35 43 39 27 0.710522
377 35 43 39 27 0.731804
378 35 43 39 27 0.741128
379 35 42 39 27 0.700159
380 36 41 39 27 0.751894
381 37 39 39 27 0.765928
382 38 37 39 27 0.776008
383 39 35 39 27 0.762999
384 39 33 39 27 0.744336
385 39 31 39 27 0.739011
386 39 29 39 27 0.717156
387 39 27 39 27 0.692485
388 39 25 39 27 0.678024
389 39 24 39 27 0.683955
390 39 23 39 27 0.670668
391 39 22 39 27 0.667946
392 39 21 39 27 0.656038
393 39 21 39 27 0.651581
394 39 22 39 27 0.664095
395 39 22 39 27 0.657054
396 39 22 39 27 0.651878
397 39 22 39 27 0.658500
398 39 22 39 27 0.650580
399 39 22 39 27 0.645299
400 39 22 39 27 0.987918
401 39 22 39 27 0.987700
402 39 22 39 27 0.985014
403 39 22 39 27 0.983270
404 39 22 39 27 0.981804
405 39 22 39 27 0.984565
406 39 22 39 27 0.964265
407 39 22 39 27 0.947039
408 39 21 39 27 0.935500
409 39 20 39 27 0.934721
410 39 19 39 27 0.920611
411 39 18 39 27 0.910344
412 39 17 39 27 0.898112
413 39 16 39 27 0.882254
414 39 14 39 27 0.871940
415 39 13 39 27 0.848576
416 39 12 39 27 0.857879
417 38 12 40 27 0.852767
418 37 13 40 27 0.890850
419 37 14 40 27 0.896444
420 37 14 40 27 0.863907
421 36 14 40 27 0.889285
422 36 14 40 27 0.874525
423 36 14 40 27 0.887712
424 36 14 40 27 0.887980
425 36 14 40 27 0.882415
426 36 14 40 27 0.869240
427 36 14 40 27 0.854270
428 36 14 40 27 0.826454
429 36 14 40 27 0.812525
430 36 14 40 27 0.801938
431 36 14 40 27 0.801436
432 36 14 40 27 0.796899
433 36 14 40 27 0.792024
434 36 14 40 27 0.788486
435 36 14 40 27 0.778345
436 36 14 40 27 0.773967
437 36 14 40 27 0.766521
438 36 14 40 27 0.748269
439 36 14 40 27 0.748480
440 36 14 40 27 0.741125
441 36 14 40 27 0.716334
442 36 14 40 27 0.688334
443 35 14 40 27 0.624707
444 33 15 40 27 0.975101
445 30 16 40 27 0.938234
446 26 16 40 27 0.951870
447 21 16 40 27 0.901151
448 16 16 41 27 0.890013
449 11 16 41 27 0.794844
450 07 17 41 27 0.852412
451 02 18 42 28 0.865070
452 06 18 38 28 0.732399
453 03 19 38 28 0.758610
454 01 19 38 28 0.757071
455 00 19 38 28 0.734073
456 NaN NaN NaN NaN NaN
457 NaN NaN NaN NaN NaN
458 NaN NaN NaN NaN NaN
459 NaN NaN NaN NaN NaN
460 NaN NaN NaN NaN NaN
461 NaN NaN NaN NaN NaN
462 NaN NaN NaN NaN NaN
463 NaN NaN NaN NaN NaN
464 NaN NaN NaN NaN NaN
465 NaN NaN NaN NaN NaN
466 NaN NaN NaN NaN NaN
467 NaN NaN NaN NaN NaN
468 NaN NaN NaN NaN NaN
469 NaN NaN NaN NaN NaN
470 NaN NaN NaN NaN NaN
471 NaN NaN NaN NaN NaN
472 NaN NaN NaN NaN NaN
473 NaN NaN NaN NaN NaN
474 NaN NaN NaN NaN NaN
475 NaN NaN NaN NaN NaN
476 NaN NaN NaN NaN NaN
477 NaN NaN NaN NaN NaN
478 NaN NaN NaN NaN NaN
479 04 27 36 27 0.680511
480 05 27 36 27 0.679714
481 07 28 36 27 0.675749
482 10 30 36 27 0.660573
483 14 33 35 26 0.656303
484 17 34 34 26 0.688599
485 19 34 34 26 0.707365
486 21 34 34 26 0.696229
487 22 34 34 26 0.700629
488 23 34 34 26 0.697856
489 23 34 34 26 0.685629
490 23 34 34 26 0.659153
491 22 34 34 26 0.663390
492 21 34 34 26 0.684612
493 20 34 34 26 0.689102
494 20 34 34 26 0.699689
495 20 34 34 26 0.699112
496 20 34 34 26 0.697641
497 20 34 34 26 0.702945
498 20 34 34 26 0.706194
499 20 34 34 26 0.717903
500 20 34 34 26 0.765809
501 20 34 34 26 0.769155
502 20 34 34 26 0.762858
503 20 34 34 26 0.767358
504 20 34 34 26 0.767593
505 20 34 34 26 0.781457
506 20 34 34 26 0.786753
507 20 34 34 26 0.782458
508 20 34 34 26 0.783504
509 20 34 34 26 0.783396
510 20 34 34 26 0.792722
511 20 34 34 26 0.781394
512 20 34 34 26 0.785602
513 20 34 34 26 0.774442
514 20 34 34 26 0.741722
515 20 35 34 26 0.746811
516 21 36 34 26 0.730286
517 22 38 34 26 0.746380
518 23 40 34 26 0.723673
519 25 43 33 25 0.660030
520 27 46 32 25 0.621090
521 29 49 32 25 0.977440
522 30 51 32 25 0.949389
523 31 52 32 25 0.896180
524 32 52 32 25 0.865657
525 33 51 32 25 0.893910
526 34 50 31 25 0.821024
527 34 49 31 25 0.784357
528 34 48 31 25 0.791857
529 34 48 31 25 0.742669
530 34 47 31 25 0.763781
531 34 45 31 25 0.832154
532 34 43 31 25 0.914012
533 34 41 31 25 0.940617
534 34 38 31 25 0.936251
535 34 35 32 26 0.907562
536 34 33 33 26 0.892672
537 34 32 33 26 0.882261
538 34 31 33 26 0.861413
539 34 31 33 26 0.856836
540 34 31 33 26 0.871430
541 34 31 33 26 0.860337
542 34 31 33 26 0.856849
543 34 31 33 26 0.860322
544 34 31 33 26 0.865961
545 34 31 33 26 0.870153
546 34 31 33 26 0.871700
547 34 31 33 26 0.869605
548 34 31 33 26 0.876294
549 34 31 33 26 0.871692
550 34 31 33 26 0.872187
551 34 31 33 26 0.875379
552 34 31 33 26 0.857514
553 34 31 33 26 0.866613
554 34 31 33 26 0.857708
555 34 31 33 26 0.849231
556 34 31 33 26 0.808277
557 34 33 33 26 0.843363
558 34 37 33 26 0.794902
559 35 42 35 28 0.758950
560 37 49 35 28 0.658436
561 40 56 35 28 0.633157
562 45 62 34 28 0.923996
563 50 66 34 28 0.877909
564 55 70 33 27 0.844762
565 58 73 33 27 0.820468
566 60 76 33 27 0.773345
567 62 78 33 27 0.752772
568 64 80 33 27 0.762883
569 66 83 33 27 0.790327
570 69 84 35 29 0.734766
571 69 87 35 29 0.684827
572 66 86 35 29 0.802797
573 59 78 42 35 0.579781
574 51 74 45 38 0.939096
575 42 72 47 40 0.924596
576 33 70 50 42 0.868299
577 25 69 52 44 0.684802
578 19 68 53 45 0.647682
579 15 69 52 44 0.855017
580 14 69 52 44 0.840564
581 14 69 52 44 0.832942
582 13 71 51 43 0.748777
583 14 71 51 43 0.717900
584 14 71 51 43 0.693962
585 14 71 51 43 0.678274
586 14 71 51 43 0.671406
587 14 71 51 43 0.670975
588 14 71 51 43 0.672957
589 14 71 51 43 0.683443
590 14 71 51 43 0.687946
591 14 71 51 43 0.689822
592 14 71 51 43 0.690175
593 14 71 51 43 0.697598
594 14 71 51 43 0.714407
595 14 71 51 43 0.744812
596 14 71 51 43 0.764222
597 14 71 51 43 0.784278
598 14 72 51 43 0.771086
599 14 73 51 43 0.773120
600 14 75 51 43 0.757883
601 14 77 51 43 0.750482
602 18 84 43 32 0.771214
603 17 86 43 32 0.751713
604 16 87 43 32 0.721570
605 15 87 43 32 0.728296
606 15 86 43 32 0.714314
607 15 86 43 32 0.736194
608 15 86 43 32 0.741730
609 15 86 43 32 0.752355
610 15 86 43 32 0.745488
611 15 86 43 32 0.735146
612 15 86 43 32 0.721643
613 15 86 43 32 0.706834
614 15 86 43 32 0.697576
615 15 86 43 32 0.706667
616 14 86 43 32 0.722764
617 14 86 43 32 0.714770
618 14 85 43 32 0.720841
619 14 85 43 32 0.711353
620 14 85 43 32 0.703093
621 14 85 43 32 0.687972
622 14 85 43 32 0.675450
623 14 85 43 32 0.665247
624 14 85 43 32 0.663995
625 14 85 43 32 0.662714
626 14 85 43 32 0.653676
627 14 86 43 32 0.648622
628 15 87 43 32 0.913915
629 16 87 43 32 0.836669
630 16 86 43 32 0.891535
631 16 86 43 32 0.836360
632 15 86 43 32 0.854661
633 13 86 43 32 0.831205
634 11 86 43 32 0.808387
635 09 86 44 32 0.774954
636 07 86 44 32 0.778090
637 05 86 44 32 0.784715
638 03 86 44 32 0.786953
639 02 86 44 32 0.780776
640 02 86 44 32 0.780779
641 02 86 44 32 0.788398
642 02 86 44 32 0.828935
643 03 85 44 32 0.798487
644 03 85 44 32 0.826270
645 03 85 44 32 0.841047
646 03 85 44 32 0.836049
647 03 85 44 32 0.836588
648 03 85 44 32 0.810789
649 03 85 44 32 0.756176
650 03 85 44 32 0.731684
651 03 85 44 32 0.691326
652 02 85 44 32 0.725381
653 02 85 44 32 0.672091
654 02 85 44 32 0.641067
655 02 85 44 32 0.983330
656 02 85 44 32 0.970644
657 02 85 44 32 0.982465
658 01 85 44 32 0.978193
659 01 84 44 32 0.971395
660 01 84 44 32 0.958613
661 01 84 44 32 0.930501
662 01 84 44 32 0.886601
663 01 84 44 32 0.880863
664 01 84 44 32 0.887797
665 01 84 44 32 0.898880
666 01 84 44 32 0.912663
667 01 84 44 32 0.930167
668 00 84 44 32 0.924576
669 02 82 42 32 0.790874
670 01 81 42 32 0.714596
671 01 80 42 32 0.705843
672 01 79 42 32 0.690679
673 01 79 42 32 0.734718
674 01 79 42 32 0.759735
675 01 79 42 32 0.779663
676 01 79 42 32 0.774944
677 01 79 42 32 0.757158
678 01 79 42 32 0.758875
679 01 79 42 32 0.778882
680 01 79 42 32 0.787583
681 01 79 42 32 0.809613
682 01 79 42 32 0.826090
683 01 79 42 32 0.838309
684 01 79 42 32 0.850426
685 01 79 42 32 0.875615
686 01 79 42 32 0.852363
687 01 79 42 32 0.823781
688 01 79 42 32 0.832040
689 01 79 42 32 0.850275
690 01 79 42 32 0.892666
691 01 79 42 32 0.886799
692 01 79 42 32 0.866672
693 01 79 42 32 0.879221
694 01 79 42 32 0.886887
695 01 79 42 32 0.869286
696 01 79 42 32 0.863079
697 01 79 42 32 0.880005
698 01 79 42 32 0.859218
699 01 79 42 32 0.834791
700 01 78 42 32 0.817230
701 02 77 42 32 0.763641
702 02 77 42 32 0.808489
703 02 77 42 32 0.827543
704 02 77 42 32 0.818239
705 02 77 42 32 0.781118
706 02 78 42 32 0.852046
707 02 79 42 32 0.907779
708 02 79 42 32 0.892658
709 02 79 42 32 0.921213
710 02 79 42 32 0.928463
711 02 80 42 32 0.892718
712 02 80 42 32 0.852400
713 02 79 42 32 0.916960
714 02 79 42 32 0.929143
715 02 79 42 32 0.944071
716 02 79 42 32 0.951319
717 02 79 42 32 0.947025
718 02 79 42 32 0.915810
719 02 80 42 32 0.951203
720 02 81 42 32 0.857783
721 02 81 42 32 0.826171
722 02 82 42 32 0.903451
723 02 82 42 32 0.947398
724 02 83 42 32 0.905693
725 01 84 42 32 0.910773
726 01 84 42 32 0.888044
727 01 84 42 32 0.860408
728 01 84 42 32 0.843284
729 01 84 42 32 0.820493
730 01 84 42 32 0.817527
731 01 84 42 32 0.810007
732 01 84 42 32 0.814792
733 01 84 42 32 0.834290
734 01 84 42 32 0.897614
735 02 84 42 32 0.879347
736 02 85 42 32 0.843094
737 02 85 42 32 0.855627
738 02 84 42 32 0.957882
739 02 84 42 32 0.919437
740 02 84 42 32 0.874641
741 02 84 42 32 0.877960
742 02 84 42 32 0.881878
743 02 84 42 32 0.859074
744 02 84 42 32 0.851873
745 02 84 42 32 0.901087
746 02 84 42 32 0.935687
747 02 84 42 32 0.950789
748 02 84 42 32 0.947299
749 02 84 42 32 0.959600
750 02 83 42 32 0.962369
751 01 83 42 32 0.941742
752 01 83 42 32 0.906833
753 01 83 42 32 0.842575
754 02 82 42 32 0.879433
755 04 81 42 32 0.788816
756 08 78 41 31 0.849904
757 13 74 40 31 0.850405
758 20 70 39 30 0.794072
759 28 66 38 29 0.747371
760 38 62 37 28 0.739480
761 48 60 36 27 0.677963
762 57 59 35 26 0.635316
763 65 59 35 26 0.915520
764 72 59 35 26 0.878498
765 77 58 36 27 0.882666
766 82 57 36 27 0.839540
767 87 57 37 27 0.830811
768 92 57 38 27 0.802557
769 97 57 38 27 0.718143
770 102 56 38 27 0.668168
771 106 55 38 27 0.672743
772 109 54 38 27 0.635580
773 111 53 38 27 0.932701
774 113 51 38 27 0.898178
775 114 47 38 27 0.800528
776 114 43 39 27 0.665680
777 114 41 39 27 0.531437
778 113 41 39 27 0.911482
779 113 43 39 27 0.722794
780 113 45 39 27 0.758000
781 113 45 40 27 0.659536
782 113 44 40 27 0.634688
783 113 43 40 27 0.927252
784 113 43 40 27 0.927072
785 112 43 40 27 0.932606
786 112 43 40 27 0.920525
787 111 43 40 27 0.818369
788 111 43 40 27 0.810953
789 110 43 41 27 0.804247
790 110 43 41 27 0.809100
791 110 43 41 27 0.803095
792 110 43 41 27 0.782683
793 110 43 41 27 0.795815
794 110 43 41 27 0.816577
795 110 43 41 27 0.833301
796 110 43 41 27 0.823138
797 110 43 41 27 0.819506
798 110 43 41 27 0.802023
799 110 43 41 27 0.783542
800 110 43 41 27 0.765167
801 110 42 41 27 0.817512
802 110 41 41 27 0.756308
803 110 40 41 27 0.789156
804 109 39 41 27 0.707738
805 108 38 41 27 0.685914
806 106 38 41 27 0.665822
807 104 37 41 27 0.664528
808 102 36 41 27 0.650698
809 100 35 41 27 0.609418
810 99 34 41 27 0.962296
811 99 34 41 27 0.955745
812 100 34 41 27 0.921365
813 103 34 40 27 0.876058
814 106 34 39 27 0.896570
815 110 34 38 27 0.879916
816 113 34 38 27 0.828748
817 115 34 38 27 0.829733
818 117 34 38 27 0.800272
819 118 34 38 27 0.787165
820 119 33 38 27 0.793083
821 119 32 38 27 0.780611
822 119 31 38 27 0.762880
823 119 30 38 27 0.774260
824 118 30 38 27 0.757737
825 117 30 38 27 0.803525
826 117 30 38 27 0.775128
827 117 30 38 27 0.766649
828 116 30 38 27 0.781746
829 116 30 38 27 0.782358
830 116 30 38 27 0.798692
831 115 30 38 27 0.780924
832 114 30 39 27 0.778733
833 114 30 39 27 0.785573
834 114 30 39 27 0.795362
835 114 30 39 27 0.795476
836 114 30 39 27 0.799310
837 114 30 39 27 0.797197
838 114 30 39 27 0.808577
839 114 30 39 27 0.807259
840 114 30 39 27 0.807298
841 114 30 39 27 0.811613
842 114 30 39 27 0.808162
843 114 30 39 27 0.790800
844 113 30 40 27 0.788381
845 113 30 40 27 0.787673
846 113 30 40 27 0.783704
847 113 30 40 27 0.777958
848 113 30 40 27 0.766877
849 113 30 41 27 0.663982
850 113 30 41 27 0.646883
851 112 30 42 27 0.994283
852 112 30 42 27 0.993231
853 112 30 42 27 0.990251
854 112 30 42 27 0.980243
855 111 30 42 27 0.990115
856 111 30 42 27 0.989001
857 111 30 42 27 0.980590
858 111 30 42 27 0.965297
859 111 30 42 27 0.958439
860 111 30 42 27 0.958486
861 111 30 42 27 0.954714
862 111 30 42 27 0.963782
863 111 30 42 27 0.966368
864 111 30 42 27 0.964794
865 111 30 42 27 0.956188
866 111 30 42 27 0.948995
867 111 30 42 27 0.939676
868 111 30 42 27 0.923594
869 111 30 42 27 0.899882
870 111 30 42 27 0.882627
871 111 30 42 27 0.888129
872 111 30 42 27 0.908433
873 111 30 42 27 0.940094
874 111 31 42 27 0.951487
875 111 34 43 28 0.864006
876 111 40 44 29 0.747374
877 111 33 40 30 0.799508
878 112 41 39 29 0.536921
879 96 35 57 42 0.679294
880 97 42 57 42 0.542926
881 98 47 58 43 0.440866
882 97 73 62 46 0.652086
883 NaN NaN NaN NaN NaN
884 NaN NaN NaN NaN NaN
885 NaN NaN NaN NaN NaN
886 NaN NaN NaN NaN NaN
887 NaN NaN NaN NaN NaN
888 NaN NaN NaN NaN NaN
889 NaN NaN NaN NaN NaN
890 NaN NaN NaN NaN NaN
891 NaN NaN NaN NaN NaN
892 NaN NaN NaN NaN NaN
893 NaN NaN NaN NaN NaN
894 NaN NaN NaN NaN NaN
895 NaN NaN NaN NaN NaN
896 NaN NaN NaN NaN NaN
897 NaN NaN NaN NaN NaN
898 112 36 40 30 0.696037
899 110 32 39 30 0.700775
900 109 29 37 28 0.688098
901 109 28 35 27 0.695575
902 108 27 34 26 0.690939
903 110 36 37 28 0.699113
904 109 37 37 28 0.703671
905 109 39 37 28 0.667381
906 109 42 37 28 0.672780
907 109 44 36 28 0.715517
908 108 44 36 28 0.756156
909 107 45 36 28 0.748430
910 106 46 36 28 0.667075
911 106 47 36 28 0.682343
912 106 48 36 28 0.728658
913 106 50 36 28 0.669731
914 106 52 36 28 0.612047
915 106 53 36 28 0.942058
916 106 54 35 28 0.912234
917 105 55 35 28 0.895918
918 104 56 35 28 0.891443
919 103 57 35 28 0.864508
920 102 58 35 28 0.822377
921 102 58 35 28 0.849764
922 102 58 35 28 0.878632
923 102 59 35 28 0.869497
924 102 62 35 28 0.861301
925 102 65 35 28 0.798778
926 102 68 35 28 0.784962
927 101 70 35 28 0.707253
928 100 71 35 28 0.693027
929 98 71 36 29 0.692486
930 97 71 36 29 0.699895
931 96 71 36 29 0.666858
932 96 72 36 29 0.698615
933 95 73 36 29 0.643894
934 95 73 36 29 0.985054
935 95 73 36 29 0.970797
936 96 73 36 29 0.925073
937 98 73 36 29 0.788508
938 100 73 36 29 0.755415
939 102 73 36 29 0.735141
940 103 73 36 29 0.758966
941 104 73 36 29 0.761278
942 105 73 36 29 0.794535
943 106 73 35 29 0.822337
944 107 73 35 29 0.824032
945 108 73 35 29 0.759662
946 108 73 35 29 0.775764
947 109 73 35 29 0.769690
948 110 73 35 29 0.767723
949 111 73 35 29 0.747843
950 111 73 35 29 0.740221
951 111 73 35 29 0.724938
952 111 73 35 29 0.704340
953 111 73 35 29 0.679999
954 111 74 35 29 0.698463
955 111 74 35 29 0.698412
956 112 74 35 29 0.713182
957 112 74 35 29 0.705607
958 112 74 35 29 0.703641
959 112 74 35 29 0.711341
960 112 74 35 29 0.705187
961 112 74 35 29 0.721397
962 112 74 35 29 0.713306
963 112 74 35 29 0.709063
964 112 74 35 29 0.687296
965 113 74 35 29 0.680531
966 114 74 35 29 0.643023
967 115 75 34 28 0.919648
968 116 75 34 28 0.836766
969 117 75 34 28 0.791301
970 118 75 34 28 0.768018
971 119 75 34 28 0.718776
972 120 75 34 28 0.757950
973 121 75 34 28 0.822968
974 121 75 34 28 0.799172
975 121 75 34 28 0.754373
976 121 75 34 28 0.725376
977 121 75 34 28 0.704388
978 121 75 34 28 0.703676
979 121 75 34 28 0.691871
980 121 75 34 28 0.652651
981 121 75 34 28 0.640768
982 121 75 34 28 0.971295
983 121 75 34 28 0.950896
984 121 75 34 28 0.925265
985 121 75 34 28 0.923312
986 121 75 34 28 0.917253
987 121 75 34 28 0.908264
988 121 75 33 28 0.809851
989 121 75 32 28 0.727221
990 120 75 33 28 0.709459
991 120 75 33 28 0.734826
992 120 75 33 28 0.733771
993 120 75 33 28 0.728857
994 120 75 33 28 0.724723
995 120 75 32 28 0.744865
996 120 75 32 28 0.736446
997 120 75 32 28 0.717461
998 120 75 32 28 0.695055
999 120 75 32 28 0.696678
1000 120 75 32 28 0.689580
1001 120 75 32 28 0.675958
1002 120 75 32 28 0.642901
1003 120 76 32 28 0.951118
1004 120 76 32 28 0.973963
1005 120 76 32 28 0.969955
1006 120 76 32 28 0.968617
1007 120 76 32 28 0.964408
1008 120 76 32 28 0.972144
1009 120 76 32 28 0.961689
1010 120 76 32 28 0.956754
1011 120 76 32 28 0.945134
1012 120 76 32 28 0.934523
1013 120 76 32 28 0.941127
1014 120 76 32 28 0.925321
1015 120 76 32 28 0.923750
1016 120 76 32 28 0.910219
1017 120 76 32 28 0.879110
1018 120 76 32 28 0.883286
1019 120 76 32 28 0.897093
1020 120 76 32 28 0.904915
1021 120 76 32 28 0.928962
1022 120 77 31 27 0.898430
1023 120 77 31 27 0.906874
1024 120 77 31 27 0.911030
1025 120 77 31 27 0.918708
1026 120 77 31 27 0.906460
1027 120 77 31 27 0.880416
1028 120 77 31 27 0.858547
1029 121 77 31 27 0.849230
1030 121 77 31 27 0.847178
1031 121 77 31 27 0.839067
1032 121 77 31 27 0.835472
1033 121 77 31 27 0.855637
1034 121 77 31 27 0.870983
1035 121 77 31 27 0.884762
1036 121 77 31 27 0.888785
1037 121 77 31 27 0.876794
1038 121 77 31 27 0.836464
1039 120 77 31 27 0.838492
1040 120 77 31 27 0.804705
1041 120 77 31 27 0.775363
1042 120 77 31 27 0.762564
1043 120 77 31 27 0.765456
1044 120 77 31 27 0.789671
1045 120 77 31 27 0.775507
1046 120 77 31 27 0.769608
1047 120 77 31 27 0.774329
1048 120 77 31 27 0.747688
1049 120 77 31 27 0.734549
1050 120 77 31 27 0.705959
1051 120 77 31 27 0.705533
1052 120 77 31 27 0.683031
1053 120 77 31 27 0.672051
1054 120 77 31 27 0.701336
1055 120 77 31 27 0.721241
1056 120 77 31 27 0.707363
1057 120 77 31 27 0.702102
1058 120 77 31 27 0.689259
1059 119 77 31 27 0.710299
1060 119 77 31 27 0.667302
1061 119 77 31 27 0.622648
1062 119 77 31 27 0.957108
1063 119 77 31 27 0.932222
1064 119 77 31 27 0.917103
1065 119 77 31 27 0.891842
1066 119 77 31 27 0.819008
1067 119 77 31 27 0.774347
1068 119 77 31 27 0.766461
1069 119 77 31 27 0.789747
1070 119 77 31 27 0.793404
1071 119 77 31 27 0.785336
1072 119 77 31 27 0.764528
1073 119 77 31 27 0.709214
1074 119 77 31 27 0.658493
1075 119 77 31 27 0.651981
1076 119 77 31 27 0.693223
1077 119 77 31 27 0.697560
1078 119 77 31 27 0.710800
1079 119 77 31 27 0.720036
1080 119 77 31 27 0.746363
1081 119 77 31 27 0.753623
1082 119 77 31 27 0.731228
1083 119 77 31 27 0.717625
1084 119 77 31 27 0.694727
1085 119 77 31 27 0.688353
1086 119 77 31 27 0.675702
1087 119 77 31 27 0.703302
1088 119 77 31 27 0.744880
1089 119 77 31 27 0.755304
1090 119 77 31 27 0.697780
1091 118 76 31 27 0.721963
1092 116 74 31 27 0.734628
1093 114 70 31 27 0.705254
1094 110 65 31 27 0.783106
1095 105 60 32 28 0.820403
1096 101 57 32 28 0.828745
1097 98 54 32 28 0.844247
1098 95 52 33 28 0.807973
1099 92 51 34 28 0.779944
1100 90 51 34 28 0.771352
1101 89 52 34 28 0.796455
1102 88 52 34 28 0.796037
1103 87 52 34 28 0.780035
1104 86 52 34 28 0.788193
1105 86 52 34 28 0.767784
1106 86 52 34 28 0.764299
1107 86 52 34 28 0.758848
1108 87 53 34 28 0.750587
1109 87 54 34 28 0.797504
1110 87 55 34 28 0.809281
1111 87 56 34 28 0.749763
1112 88 57 34 28 0.736323
1113 88 57 34 28 0.754465
1114 87 57 34 28 0.737321
1115 94 65 36 27 0.745618
1116 93 65 36 27 0.659914
1117 93 65 36 27 0.664523
1118 93 65 36 27 0.660733
1119 93 65 36 27 0.664560
1120 93 65 36 27 0.648171
1121 93 65 36 27 0.977981
1122 93 65 36 27 0.930119
1123 93 65 36 27 0.921989
1124 93 65 36 27 0.888785
1125 93 65 36 27 0.868181
1126 93 65 36 27 0.856925
1127 93 65 36 27 0.840310
1128 93 65 36 27 0.824284
1129 93 65 36 27 0.817451
1130 93 65 36 27 0.813290
1131 93 65 36 27 0.809472
1132 93 65 36 27 0.811558
1133 93 65 36 27 0.822832
1134 93 65 36 27 0.827412
1135 93 65 36 27 0.840782
1136 93 65 36 27 0.831641
1137 93 65 36 27 0.823578
1138 93 65 36 27 0.805143
1139 93 65 36 