2 NaN NaN NaN NaN NaN
3 NaN NaN NaN NaN NaN
4 NaN NaN NaN NaN NaN
5 NaN NaN NaN NaN NaN
6 NaN NaN NaN NaN NaN
7 NaN NaN NaN NaN NaN
8 NaN NaN NaN NaN NaN
9 NaN NaN NaN NaN NaN
10 NaN NaN NaN NaN NaN
11 NaN NaN NaN NaN NaN
12 NaN NaN NaN NaN NaN
13 NaN NaN NaN NaN NaN
14 NaN NaN NaN NaN NaN
15 NaN NaN NaN NaN NaN
16 NaN NaN NaN NaN NaN
17 NaN NaN NaN NaN NaN
18 NaN NaN NaN NaN NaN
19 NaN NaN NaN NaN NaN
20 NaN NaN NaN NaN NaN
21 NaN NaN NaN NaN NaN
22 NaN NaN NaN NaN NaN
23 NaN NaN NaN NaN NaN
24 NaN NaN NaN NaN NaN
25 NaN NaN NaN NaN NaN
26 NaN NaN NaN NaN NaN
27 NaN NaN NaN NaN NaN
28 NaN NaN NaN NaN NaN
29 NaN NaN NaN NaN NaN
30 NaN NaN NaN NaN NaN
31 77 59 26 18 0.877872
32 77 59 26 18 0.852765
33 77 59 26 18 0.842433
34 77 59 26 18 0.860749
35 78 59 26 18 0.807627
36 78 59 26 18 0.793017
37 78 59 26 18 0.819503
38 78 59 26 18 0.846566
39 78 59 26 18 0.856367
40 78 59 26 18 0.810279
41 79 60 23 16 0.653155
42 78 60 23 16 0.631891
43 78 60 23 16 0.879946
44 78 60 24 16 0.855422
45 79 60 24 16 0.841481
46 80 60 24 16 0.833506
47 81 60 24 16 0.827708
48 81 60 24 16 0.840701
49 80 60 24 16 0.834924
50 78 60 25 17 0.765229
51 77 60 25 17 0.784597
52 77 60 25 17 0.811119
53 77 60 25 17 0.793198
54 77 60 25 17 0.760550
55 77 60 25 17 0.770444
56 77 60 25 17 0.836001
57 76 60 25 17 0.827299
58 76 60 25 17 0.845606
59 77 60 25 17 0.863380
60 78 60 25 17 0.854644
61 79 60 25 17 0.851884
62 79 60 25 17 0.849898
63 79 60 25 17 0.872569
64 78 60 25 17 0.855606
65 78 60 25 17 0.869770
66 77 59 25 17 0.730285
67 78 59 24 16 0.688801
68 77 59 24 16 0.726723
69 76 59 24 16 0.774998
70 76 59 24 16 0.845185
71 78 59 24 16 0.790462
72 80 59 24 16 0.812213
73 81 59 26 17 0.745833
74 82 59 27 17 0.635462
75 82 59 27 17 0.972442
76 81 59 28 17 0.880638
77 80 59 28 17 0.788951
78 79 59 28 17 0.762111
79 79 59 28 17 0.677895
80 79 59 28 17 0.665006
81 79 59 28 17 0.632012
82 78 59 28 17 0.988180
83 77 59 28 17 0.966636
84 76 59 28 17 0.970008
85 77 59 28 17 0.972486
86 79 59 28 17 0.961169
87 82 59 28 17 0.887541
88 84 59 28 17 0.766714
89 84 59 28 17 0.804201
90 83 59 28 17 0.824239
91 81 59 28 17 0.885426
92 79 59 28 17 0.879962
93 77 59 29 17 0.813279
94 76 59 29 17 0.796167
95 76 59 29 17 0.778947
96 77 59 29 17 0.759781
97 78 59 29 17 0.802183
98 80 59 28 17 0.866737
99 83 59 27 16 0.828400
100 86 59 27 16 0.673847
101 89 59 27 16 0.557253
102 92 59 26 15 0.891447
103 94 59 26 15 0.856679
104 97 60 26 15 0.735260
105 100 60 26 15 0.592677
106 103 60 26 15 0.924484
107 106 60 25 15 0.908817
108 109 60 25 15 0.668702
109 112 60 24 15 0.594745
110 116 60 24 15 0.875644
111 120 61 24 15 0.794301
112 123 62 25 15 0.726024
113 126 63 25 15 0.672813
114 128 64 25 15 0.628142
115 129 65 25 15 0.771162
116 129 66 25 15 0.696544
117 128 66 26 15 0.689854
118 126 66 26 15 0.719588
119 125 65 24 14 0.507334
120 122 63 25 14 0.847549
121 118 61 26 15 0.827338
122 115 59 25 15 0.812218
123 111 57 25 15 0.764835
124 107 55 26 16 0.714035
125 104 54 26 16 0.739742
126 101 53 26 16 0.699314
127 98 52 26 16 0.621515
128 95 51 26 16 0.883698
129 92 51 26 16 0.838583
130 90 51 26 16 0.861187
131 88 51 26 16 0.869373
132 86 51 26 16 0.850124
133 84 52 26 16 0.798895
134 83 53 26 16 0.739437
135 82 54 26 16 0.682786
136 82 54 26 16 0.721783
137 82 54 26 16 0.719091
138 82 54 26 16 0.703113
139 82 54 26 16 0.704965
140 82 54 26 16 0.699825
141 82 54 26 16 0.697638
142 82 54 26 16 0.694155
143 82 54 26 16 0.707122
144 82 54 26 16 0.701450
145 82 54 26 16 0.673429
146 82 54 26 16 0.631499
147 82 54 26 16 0.895330
148 82 54 26 16 0.800663
149 82 54 26 16 0.808149
150 82 54 26 16 0.818003
151 82 54 26 16 0.821625
152 82 54 26 16 0.828721
153 82 54 25 16 0.957270
154 81 54 25 16 0.948101
155 81 54 25 16 0.955428
156 81 54 24 16 0.908738
157 81 54 25 16 0.893753
158 82 54 25 16 0.879218
159 83 54 25 16 0.933144
160 83 54 25 16 0.936118
161 83 54 25 16 0.930504
162 83 54 25 16 0.932291
163 83 54 25 16 0.904094
164 83 54 25 16 0.903758
165 83 54 25 16 0.932789
166 83 54 25 16 0.932025
167 83 54 25 16 0.925346
168 83 54 25 16 0.901854
169 83 54 25 16 0.848436
170 83 54 25 16 0.845982
171 83 54 25 16 0.873055
172 83 54 25 16 0.894395
173 83 54 25 16 0.894936
174 83 54 25 16 0.872216
175 83 54 25 16 0.875820
176 82 54 25 16 0.936341
177 80 54 25 16 0.896693
178 79 54 24 16 0.802848
179 78 54 24 16 0.762918
180 77 54 25 16 0.733587
181 77 54 25 16 0.715055
182 78 54 25 16 0.789486
183 78 54 25 16 0.652734
184 78 54 25 16 0.608780
185 78 54 25 16 0.994811
186 78 54 25 16 0.976233
187 78 54 25 16 0.818237
188 78 54 25 16 0.800324
189 79 54 25 16 0.815792
190 81 54 25 16 0.838161
191 83 54 25 16 0.839030
192 85 54 25 16 0.830025
193 86 54 25 16 0.814323
194 86 54 25 16 0.820645
195 86 54 25 16 0.805984
196 86 54 25 16 0.816288
197 86 54 25 16 0.830690
198 86 54 25 16 0.837203
199 86 54 25 16 0.805710
200 86 54 25 16 0.828365
201 86 54 25 16 0.854855
202 86 54 25 16 0.843865
203 86 54 25 16 0.807224
204 86 54 25 16 0.801028
205 86 54 25 16 0.785623
206 86 54 25 16 0.800512
207 86 54 25 16 0.824819
208 87 54 25 16 0.804935
209 88 54 25 16 0.785851
210 89 55 25 16 0.820306
211 90 57 25 16 0.821002
212 90 58 25 16 0.807095
213 89 58 25 16 0.790364
214 89 58 25 16 0.788138
215 89 58 25 16 0.870555
216 89 58 25 16 0.912172
217 89 58 25 16 0.911603
218 89 58 25 16 0.907232
219 89 58 25 16 0.909108
220 89 58 25 16 0.928093
221 89 58 25 16 0.940066
222 89 58 25 16 0.935463
223 89 58 25 16 0.940560
224 89 58 25 16 0.944152
225 89 58 25 16 0.935947
226 89 58 25 16 0.927566
227 89 58 25 16 0.911995
228 89 58 25 16 0.901316
229 89 58 25 16 0.788750
230 89 58 26 16 0.665535
231 89 58 26 16 0.645728
232 89 58 26 16 0.991081
233 89 58 26 16 0.967704
234 89 58 26 16 0.966305
235 89 58 26 16 0.976648
236 89 58 26 16 0.975116
237 89 58 26 16 0.958291
238 89 58 26 16 0.954973
239 89 58 26 16 0.971799
240 89 58 26 16 0.837621
241 89 58 26 16 0.769148
242 89 58 26 16 0.817567
243 89 58 26 16 0.822941
244 89 58 26 16 0.819618
245 89 58 26 16 0.823684
246 89 58 26 16 0.817870
247 89 58 26 16 0.851354
248 89 58 26 16 0.870465
249 89 58 26 16 0.875041
250 89 58 26 16 0.865322
251 89 58 26 16 0.867342
252 89 58 26 16 0.860836
253 89 58 26 16 0.867471
254 89 58 26 16 0.865711
255 89 58 26 16 0.863126
256 89 58 26 16 0.869604
257 89 58 26 16 0.859685
258 89 58 26 16 0.870187
259 89 58 26 16 0.878798
260 89 58 26 16 0.881418
261 89 58 26 16 0.887569
262 89 58 26 16 0.886170
263 89 58 26 16 0.884139
264 89 58 26 16 0.875821
265 89 58 26 16 0.874745
266 89 58 26 16 0.879520
267 89 58 26 16 0.888272
268 89 58 26 16 0.882661
269 89 58 26 16 0.870003
270 89 58 26 16 0.865057
271 89 58 26 16 0.855338
272 89 58 26 16 0.869011
273 89 58 26 16 0.877022
274 89 58 26 16 0.882865
275 89 58 26 16 0.891006
276 89 58 26 16 0.892594
277 89 58 26 16 0.878951
278 89 58 26 16 0.890994
279 89 58 26 16 0.896540
280 89 58 26 16 0.893437
281 89 58 26 16 0.884891
282 89 58 26 16 0.880088
283 89 58 26 16 0.881897
284 89 58 26 16 0.883143
285 89 58 26 16 0.883281
286 89 58 26 16 0.886908
287 89 58 26 16 0.874463
288 89 58 26 16 0.870012
289 89 58 26 16 0.860096
290 89 58 26 16 0.839956
291 89 58 26 16 0.840252
292 89 58 26 16 0.838064
293 89 58 26 16 0.829790
294 89 58 26 16 0.823911
295 89 58 26 16 0.812063
296 89 58 26 16 0.814025
297 89 58 26 16 0.819350
298 89 58 26 16 0.822522
299 89 58 26 16 0.814095
300 89 58 26 16 0.800705
301 89 58 26 16 0.790302
302 89 58 26 16 0.770574
303 89 58 26 16 0.728356
304 89 58 26 16 0.692161
305 89 58 26 16 0.693823
306 89 58 26 16 0.673247
307 88 58 26 16 0.706612
308 88 58 26 16 0.652405
309 88 58 26 16 0.598535
310 88 58 26 16 0.983214
311 88 58 26 16 0.948186
312 88 58 26 16 0.845930
313 88 58 26 16 0.738742
314 88 58 26 16 0.730222
315 88 58 26 16 0.749315
316 88 58 26 16 0.776399
317 88 58 26 16 0.801186
318 88 58 26 16 0.862223
319 88 58 26 16 0.942786
320 88 58 26 16 0.944643
321 88 58 26 16 0.925123
322 88 58 26 16 0.903585
323 88 58 26 16 0.901019
324 88 58 26 16 0.910857
325 88 58 26 16 0.941402
326 88 58 26 16 0.957682
327 88 58 26 16 0.958411
328 88 58 26 16 0.955317
329 88 58 26 16 0.957663
330 88 58 26 16 0.965458
331 88 58 26 16 0.964850
332 88 58 26 16 0.960327
333 88 58 26 16 0.960712
334 88 58 26 16 0.966945
335 88 58 26 16 0.919257
336 88 58 26 16 0.840480
337 88 58 26 16 0.824253
338 88 59 26 16 0.740344
339 88 59 27 16 0.851382
340 88 59 27 16 0.837920
341 88 59 27 16 0.763083
342 88 59 27 16 0.774276
343 88 60 27 16 0.663723
344 88 60 27 16 0.699746
345 88 59 27 16 0.742461
346 88 58 27 16 0.797152
347 88 58 27 16 0.829311
348 88 58 27 16 0.858579
349 88 58 27 16 0.856440
350 88 58 27 16 0.853971
351 88 58 27 16 0.877116
352 88 58 27 16 0.877321
353 88 58 27 16 0.879911
354 88 58 27 16 0.878597
355 88 58 27 16 0.867893
356 88 58 27 16 0.899761
357 88 58 27 16 0.902749
358 88 58 27 16 0.865311
359 88 58 27 16 0.795876
360 88 58 28 16 0.684337
361 88 58 28 16 0.666788
362 88 58 28 16 0.668690
363 88 58 28 16 0.660400
364 87 58 30 17 0.619789
365 88 58 30 17 0.913391
366 88 58 30 17 0.899272
367 88 58 30 17 0.887154
368 88 58 30 17 0.895334
369 88 58 30 17 0.909967
370 88 58 29 17 0.940232
371 88 58 29 17 0.914851
372 88 58 29 17 0.909736
373 88 58 29 17 0.905772
374 88 58 29 17 0.905688
375 88 58 29 17 0.904855
376 88 58 29 17 0.902971
377 88 58 29 17 0.889909
378 88 58 29 17 0.880273
379 88 58 29 17 0.889654
380 88 58 29 17 0.889059
381 88 58 29 17 0.884158
382 88 58 29 17 0.875669
383 88 58 29 17 0.855540
384 88 58 29 17 0.868813
385 88 58 29 17 0.902923
386 87 58 30 18 0.980930
387 87 58 30 18 0.929329
388 87 58 30 18 0.863536
389 87 58 30 18 0.853599
390 87 58 30 18 0.841910
391 87 58 30 18 0.853290
392 87 58 30 18 0.859699
393 87 58 30 18 0.867964
394 87 58 30 18 0.866929
395 87 58 30 18 0.870707
396 87 58 30 18 0.867913
397 87 58 30 18 0.867316
398 87 58 30 18 0.864139
399 87 58 30 18 0.869831
400 87 58 30 18 0.869384
401 87 58 30 18 0.873365
402 87 58 30 18 0.875823
403 87 58 30 18 0.876223
404 87 58 30 18 0.876833
405 87 58 30 18 0.870939
406 87 58 30 18 0.872921
407 87 58 30 18 0.865459
408 87 58 30 18 0.832830
409 88 58 30 18 0.856550
410 89 58 30 18 0.841857
411 90 58 29 18 0.789997
412 90 58 29 18 0.777323
413 90 58 29 18 0.765420
414 89 58 29 18 0.776768
415 88 58 29 18 0.748744
416 87 58 29 18 0.688195
417 87 58 29 18 0.683562
418 88 58 29 18 0.685511
419 90 58 29 18 0.742139
420 91 59 29 18 0.695917
421 93 59 29 18 0.744853
422 95 59 28 18 0.722575
423 98 59 28 18 0.723541
424 101 60 28 18 0.658001
425 103 61 28 18 0.611157
426 104 61 28 18 0.948626
427 104 61 28 18 0.906074
428 103 61 28 18 0.971903
429 102 61 28 18 0.905633
430 102 61 28 18 0.899508
431 102 61 28 18 0.849310
432 103 61 28 18 0.895167
433 103 61 28 18 0.804935
434 104 61 28 18 0.838696
435 104 61 28 18 0.748546
436 104 61 28 18 0.696185
437 104 61 28 18 0.717567
438 104 61 28 18 0.715096
439 104 61 28 18 0.704553
440 104 61 28 18 0.712370
441 104 61 28 18 0.731797
442 104 61 28 18 0.743634
443 104 61 28 18 0.765933
444 104 61 28 18 0.785147
445 104 61 28 18 0.784923
446 104 61 28 18 0.798010
447 104 61 28 18 0.800968
448 104 61 28 18 0.807959
449 104 61 28 18 0.822229
450 104 61 28 18 0.838829
451 104 61 28 18 0.854965
452 104 61 28 18 0.866587
453 104 61 28 18 0.877376
454 104 61 28 18 0.900558
455 104 61 28 18 0.891187
456 103 61 28 18 0.859164
457 102 61 28 18 0.863333
458 101 61 28 18 0.852849
459 100 61 28 18 0.853017
460 99 61 28 18 0.826392
461 98 61 28 18 0.799399
462 97 61 28 18 0.800834
463 96 61 28 18 0.781043
464 95 61 28 18 0.796048
465 94 61 28 18 0.795105
466 93 61 28 18 0.763045
467 93 61 28 18 0.760626
468 93 61 28 18 0.758377
469 93 61 28 18 0.761169
470 92 61 28 18 0.741179
471 89 61 28 18 0.692593
472 85 61 28 18 0.664773
473 81 60 29 18 0.682853
474 77 60 29 18 0.646810
475 75 60 29 18 0.950315
476 74 60 29 18 0.770773
477 74 60 29 18 0.684800
478 74 60 29 18 0.690933
479 74 60 29 18 0.702363
480 74 60 29 18 0.824672
481 74 60 29 18 0.898186
482 74 60 29 18 0.906208
483 74 60 29 18 0.909513
484 74 60 29 18 0.884321
485 74 60 29 18 0.887633
486 74 60 29 18 0.897494
487 74 60 29 18 0.897201
488 73 60 29 18 0.894856
489 71 59 29 18 0.854981
490 67 58 29 18 0.767038
491 61 57 29 18 0.724975
492 55 57 29 18 0.706812
493 51 57 29 18 0.652360
494 48 57 30 18 0.638459
495 47 57 30 18 0.989183
496 47 57 30 18 0.983734
497 47 57 30 18 0.958310
498 47 57 30 18 0.940650
499 47 57 30 18 0.924121
500 47 57 30 18 0.905992
501 47 57 30 18 0.894515
502 47 57 30 18 0.913095
503 46 57 30 18 0.855433
504 45 57 30 18 0.791990
505 44 57 30 18 0.691911
506 44 57 30 18 0.709394
507 44 57 30 18 0.702216
508 44 57 30 18 0.685351
509 44 57 30 18 0.696552
510 44 57 30 18 0.700841
511 44 57 30 18 0.690317
512 44 57 30 18 0.686067
513 44 57 30 18 0.690470
514 44 57 30 18 0.689007
515 44 57 30 18 0.694364
516 44 57 30 18 0.720709
517 44 57 30 18 0.756185
518 44 57 30 18 0.762300
519 44 57 30 18 0.762499
520 44 57 30 18 0.757231
521 44 57 30 18 0.777783
522 44 57 30 18 0.851483
523 44 57 30 18 0.842579
524 44 57 30 18 0.819500
525 44 57 30 18 0.834214
526 44 57 30 18 0.874605
527 44 57 30 18 0.891188
528 44 57 30 18 0.885104
529 44 57 30 18 0.882024
530 44 57 30 18 0.864397
531 44 57 30 18 0.852180
532 44 57 30 18 0.828553
533 44 57 30 18 0.803335
534 44 57 30 18 0.792380
535 44 57 30 18 0.787502
536 44 57 30 18 0.774934
537 44 57 30 18 0.756519
538 44 57 30 18 0.694988
539 45 57 30 18 0.646542
540 47 57 30 18 0.837057
541 49 56 29 18 0.824848
542 52 55 28 17 0.760831
543 56 54 27 16 0.750359
544 60 54 26 15 0.703165
545 63 54 25 14 0.708581
546 65 54 25 14 0.705230
547 67 54 25 14 0.681645
548 68 54 25 14 0.674505
549 69 54 25 14 0.636948
550 69 54 25 14 0.988258
551 69 54 25 14 0.975899
552 69 54 25 14 0.963983
553 69 54 25 14 0.941633
554 69 54 25 14 0.894345
555 69 54 25 14 0.836034
556 69 54 25 14 0.769537
557 70 54 25 14 0.871857
558 71 54 25 14 0.916972
559 72 54 25 14 0.885733
560 73 55 25 14 0.910204
561 72 56 26 14 0.801879
562 71 57 27 14 0.756499
563 71 58 27 14 0.757713
564 72 59 27 14 0.707961
565 73 61 26 14 0.789144
566 74 64 25 14 0.697262
567 75 66 24 14 0.679126
568 76 67 24 14 0.676890
569 76 67 24 14 0.662777
570 76 67 24 14 0.677260
571 76 67 24 14 0.671130
572 76 67 23 14 0.634832
573 76 67 23 14 0.977901
574 76 67 23 14 0.969941
575 76 67 23 14 0.886165
576 76 67 22 14 0.778056
577 76 67 22 14 0.776466
578 76 67 22 14 0.763618
579 76 67 22 14 0.766177
580 76 67 22 14 0.837968
581 76 67 22 14 0.899313
582 76 67 22 14 0.847553
583 76 67 22 14 0.825517
584 76 67 22 14 0.777035
585 76 67 22 14 0.734778
586 76 67 22 14 0.724223
587 76 67 22 14 0.663061
588 76 67 22 14 0.610315
589 76 67 22 14 0.941069
590 76 67 22 14 0.836846
591 76 67 22 14 0.750706
592 76 67 22 14 0.706408
593 76 67 22 14 0.685714
594 75 67 24 15 0.729896
595 75 68 24 15 0.631820
596 75 68 24 15 0.977587
597 75 68 24 15 0.911566
598 74 68 25 15 0.849525
599 74 68 25 15 0.835621
600 74 68 25 15 0.855315
601 75 68 24 14 0.942327
602 75 68 23 14 0.942935
603 75 68 23 14 0.933796
604 75 68 23 14 0.897137
605 75 68 23 14 0.883416
606 75 68 23 14 0.897661
607 75 68 23 14 0.892279
608 75 68 23 14 0.874875
609 75 68 23 14 0.864877
610 75 68 23 14 0.858314
611 75 68 23 14 0.864931
612 75 68 23 14 0.884159
613 75 68 23 14 0.882899
614 75 68 23 14 0.881048
615 75 68 23 14 0.883078
616 75 68 23 14 0.884864
617 75 68 23 14 0.876317
618 75 68 23 14 0.871961
619 75 68 23 14 0.877297
620 75 68 23 14 0.873418
621 75 68 23 14 0.871763
622 75 68 23 14 0.887343
623 75 68 23 14 0.910590
624 75 68 23 14 0.911225
625 75 68 23 14 0.889512
626 75 68 23 14 0.857500
627 75 68 23 14 0.865794
628 74 68 24 15 0.764608
629 74 68 24 15 0.797406
630 74 68 24 15 0.799615
631 74 68 24 15 0.786322
632 74 68 24 15 0.775238
633 74 68 24 15 0.805731
634 74 68 25 15 0.829970
635 74 68 25 15 0.826434
636 74 68 25 15 0.837304
637 74 68 25 15 0.829241
638 74 68 25 15 0.807767
639 75 69 23 14 0.727190
640 75 69 23 14 0.783347
641 75 69 23 14 0.755890
642 75 69 23 14 0.674178
643 75 69 23 14 0.597066
644 75 69 23 14 0.980206
645 75 69 23 14 0.963729
646 75 68 23 14 0.860803
647 75 67 24 15 0.752187
648 75 67 24 15 0.745167
649 75 67 24 15 0.739340
650 75 67 24 15 0.737022
651 75 67 24 15 0.721884
652 75 67 24 15 0.723696
653 75 67 24 15 0.733892
654 75 67 24 15 0.737155
655 75 67 24 15 0.711813
656 75 67 24 15 0.687528
657 75 67 24 15 0.687907
658 75 67 24 15 0.694621
659 75 67 24 15 0.692827
660 75 67 24 15 0.686192
661 75 67 24 15 0.683382
662 75 67 24 15 0.681725
663 75 67 24 15 0.672768
664 75 67 24 15 0.747709
665 75 67 24 15 0.755977
666 75 67 24 15 0.779592
667 75 67 24 15 0.803112
668 75 67 24 15 0.828587
669 75 67 24 15 0.830485
670 75 67 24 15 0.832676
671 75 68 23 15 0.730584
672 75 69 23 15 0.618412
673 75 69 23 15 0.970517
674 75 68 23 15 0.791555
675 74 67 24 16 0.726036
676 74 67 24 16 0.748990
677 74 67 24 16 0.759371
678 74 67 24 16 0.777961
679 74 67 24 16 0.767807
680 73 67 26 17 0.713797
681 73 67 26 17 0.702687
682 73 67 26 17 0.698852
683 73 67 26 17 0.702845
684 73 67 26 17 0.705075
685 73 67 26 17 0.701991
686 73 67 26 17 0.699015
687 73 67 26 17 0.699133
688 73 67 26 17 0.696038
689 73 67 26 17 0.696206
690 73 67 26 17 0.688185
691 73 67 26 17 0.691901
692 73 67 25 17 0.657000
693 73 67 25 17 0.645436
694 73 66 25 17 0.889511
695 73 66 25 17 0.931428
696 73 66 25 17 0.922999
697 73 66 25 17 0.879238
698 73 66 25 17 0.869323
699 73 66 26 17 0.858720
700 73 66 26 17 0.831683
701 73 66 26 17 0.814092
702 73 66 26 17 0.800497
703 73 66 26 17 0.801333
704 73 66 26 17 0.794431
705 73 66 26 17 0.793636
706 73 66 26 17 0.781212
707 73 66 25 17 0.806021
708 73 66 25 17 0.813330
709 73 66 25 17 0.811933
710 73 66 25 17 0.826115
711 73 66 25 17 0.825428
712 73 66 25 17 0.793710
713 73 66 25 17 0.785245
714 73 66 25 17 0.787916
715 73 66 25 17 0.753018
716 73 66 25 17 0.753458
717 73 66 25 17 0.764337
718 73 66 25 17 0.769258
719 73 66 25 17 0.754870
720 73 66 25 17 0.755395
721 73 66 25 17 0.762877
722 73 66 25 17 0.767768
723 73 66 25 17 0.758653
724 73 66 25 17 0.756188
725 73 66 25 17 0.746960
726 73 66 25 17 0.742372
727 73 66 25 17 0.750638
728 73 66 25 17 0.736074
729 73 66 25 17 0.761105
730 73 66 25 17 0.725777
731 73 66 25 17 0.825993
732 73 66 25 17 0.896484
733 73 66 25 17 0.882912
734 73 66 25 17 0.836616
735 73 66 25 17 0.819595
736 73 66 25 17 0.835692
737 73 66 25 17 0.855376
738 73 65 26 18 0.772276
739 73 65 26 18 0.777600
740 73 65 26 18 0.767055
741 73 65 26 18 0.740429
742 73 65 26 18 0.713859
743 73 65 26 18 0.727350
744 73 65 26 18 0.751511
745 73 65 26 18 0.756759
746 73 65 26 18 0.774611
747 73 65 26 18 0.766297
748 73 65 26 18 0.754869
749 72 64 28 20 0.620404
750 72 64 28 20 0.980294
751 72 64 28 20 0.973637
752 72 64 27 19 0.758551
753 72 64 27 19 0.760438
754 72 64 27 19 0.756454
755 72 64 27 19 0.745392
756 72 64 27 19 0.755401
757 72 64 27 19 0.752490
758 72 64 27 19 0.762221
759 72 64 27 19 0.742706
760 72 64 27 19 0.730319
761 72 64 27 19 0.722842
762 72 64 27 19 0.744055
763 72 65 27 19 0.758347
764 72 65 27 19 0.759186
765 72 65 27 19 0.803631
766 72 65 27 19 0.815493
767 72 65 27 19 0.803312
768 72 65 27 19 0.804334
769 72 65 27 19 0.811190
770 72 65 27 19 0.808364
771 72 65 27 19 0.784464
772 72 65 27 19 0.794833
773 72 65 27 19 0.797328
774 72 65 27 19 0.796968
775 72 65 27 19 0.781893
776 72 65 27 19 0.769583
777 72 65 27 19 0.770980
778 72 65 27 19 0.768855
779 72 65 27 19 0.845597
780 72 65 27 19 0.899188
781 72 65 27 19 0.918423
782 72 65 27 19 0.906975
783 72 65 27 19 0.877375
784 72 65 27 19 0.842474
785 72 64 27 19 0.694980
786 72 64 27 19 0.701181
787 72 64 27 19 0.678573
788 72 64 27 19 0.703542
789 72 64 27 19 0.718585
790 72 64 27 19 0.700707
791 72 64 27 19 0.695092
792 72 64 27 19 0.681213
793 72 64 27 19 0.681488
794 72 64 27 19 0.673096
795 72 64 27 19 0.665503
796 72 64 27 19 0.656615
797 72 64 27 19 0.695748
798 72 65 26 19 0.685781
799 72 64 27 20 0.716792
800 72 64 27 20 0.682445
801 72 64 27 20 0.686407
802 72 64 27 20 0.701905
803 72 63 27 20 0.725961
804 72 62 27 20 0.719681
805 72 62 27 20 0.711972
806 72 62 27 20 0.721057
807 72 62 27 20 0.751032
808 72 62 27 20 0.749843
809 72 62 27 20 0.760985
810 72 62 27 20 0.781955
811 72 62 27 20 0.785116
812 72 62 27 20 0.778121
813 72 62 27 20 0.760312
814 72 62 27 20 0.754392
815 72 62 27 20 0.754114
816 72 62 27 20 0.750791
817 72 62 27 20 0.746282
818 72 62 27 20 0.742106
819 72 62 27 20 0.734732
820 72 62 27 20 0.740027
821 72 63 27 20 0.746768
822 72 63 27 20 0.766402
823 72 63 27 20 0.756206
824 72 