2 NaN NaN NaN NaN NaN
3 NaN NaN NaN NaN NaN
4 NaN NaN NaN NaN NaN
5 NaN NaN NaN NaN NaN
6 NaN NaN NaN NaN NaN
7 NaN NaN NaN NaN NaN
8 NaN NaN NaN NaN NaN
9 NaN NaN NaN NaN NaN
10 NaN NaN NaN NaN NaN
11 NaN NaN NaN NaN NaN
12 NaN NaN NaN NaN NaN
13 NaN NaN NaN NaN NaN
14 NaN NaN NaN NaN NaN
15 NaN NaN NaN NaN NaN
16 NaN NaN NaN NaN NaN
17 NaN NaN NaN NaN NaN
18 NaN NaN NaN NaN NaN
19 NaN NaN NaN NaN NaN
20 93 62 26 15 0.950123
21 93 62 25 14 0.908004
22 93 62 25 14 0.899294
23 93 62 25 14 0.873172
24 92 61 26 14 0.860248
25 92 61 26 14 0.873309
26 92 61 26 14 0.856056
27 92 61 26 14 0.846761
28 92 61 26 14 0.886072
29 92 61 26 14 0.889481
30 92 61 26 14 0.798063
31 92 61 26 14 0.680113
32 91 61 26 14 0.665430
33 90 60 26 14 0.744557
34 89 59 26 14 0.751337
35 88 59 26 14 0.732015
36 88 59 26 14 0.679985
37 88 58 27 15 0.742345
38 89 58 26 15 0.612837
39 91 58 26 15 0.884474
40 92 58 26 15 0.887167
41 92 58 26 15 0.928040
42 92 58 26 15 0.873867
43 91 58 26 15 0.893733
44 89 58 28 16 0.731524
45 88 58 28 16 0.732097
46 88 58 28 16 0.679034
47 88 58 28 16 0.663343
48 88 58 28 16 0.661817
49 88 58 28 16 0.679278
50 88 58 28 16 0.684652
51 88 58 28 16 0.668444
52 88 58 28 16 0.652736
53 88 58 28 16 0.638974
54 88 58 28 16 0.990561
55 88 58 28 16 0.980125
56 88 58 28 16 0.974593
57 88 58 28 16 0.964671
58 88 58 28 16 0.963245
59 88 58 28 16 0.966133
60 88 58 28 16 0.950024
61 87 58 28 16 0.954804
62 86 58 28 16 0.907354
63 85 58 28 16 0.874958
64 84 58 28 16 0.864667
65 84 58 28 16 0.867718
66 84 58 28 16 0.859829
67 84 58 28 16 0.850902
68 84 58 28 16 0.822016
69 84 58 28 16 0.796780
70 84 58 28 16 0.786035
71 84 58 28 16 0.808269
72 84 58 28 16 0.847240
73 84 58 28 16 0.835845
74 84 58 28 16 0.778165
75 84 58 28 16 0.803938
76 84 58 28 16 0.833296
77 84 58 28 16 0.838656
78 84 58 28 16 0.839075
79 84 58 28 16 0.830770
80 84 58 28 16 0.829756
81 85 59 27 16 0.668373
82 85 59 27 16 0.664989
83 85 59 27 16 0.643679
84 85 59 27 16 0.982150
85 85 59 28 17 0.875818
86 85 59 28 17 0.906769
87 85 59 28 17 0.863940
88 85 59 28 17 0.806555
89 85 59 28 17 0.760354
90 85 59 28 17 0.729754
91 85 59 28 17 0.714731
92 85 59 28 17 0.701567
93 85 59 28 17 0.680662
94 85 59 28 17 0.683509
95 85 59 28 17 0.692577
96 85 59 28 17 0.695327
97 85 59 28 17 0.697189
98 85 59 28 17 0.680242
99 85 59 28 17 0.666573
100 85 59 28 17 0.669021
101 85 59 28 17 0.678866
102 85 59 28 17 0.685324
103 85 59 28 17 0.679337
104 85 59 28 17 0.657723
105 85 59 28 17 0.670663
106 85 59 28 17 0.685451
107 86 59 28 17 0.686185
108 87 59 28 17 0.688103
109 88 59 28 17 0.685453
110 88 59 28 17 0.679708
111 88 59 28 17 0.679410
112 88 59 28 17 0.690596
113 87 59 28 17 0.698044
114 87 59 28 17 0.684751
115 87 59 28 17 0.692353
116 87 59 28 17 0.691564
117 87 59 28 17 0.679003
118 87 59 28 17 0.692950
119 87 59 28 17 0.697749
120 87 59 28 17 0.723735
121 87 59 28 17 0.759596
122 87 59 28 17 0.801884
123 87 59 28 17 0.809395
124 87 59 28 17 0.794925
125 87 59 28 17 0.761319
126 87 59 28 17 0.764662
127 87 59 28 17 0.812803
128 87 59 28 17 0.820067
129 87 59 28 17 0.795293
130 87 59 28 17 0.781420
131 87 58 28 17 0.768716
132 87 58 28 17 0.774128
133 88 57 28 17 0.808903
134 88 57 27 17 0.872577
135 88 57 27 17 0.871077
136 88 57 27 17 0.838438
137 88 57 27 17 0.799530
138 89 57 27 17 0.840859
139 90 58 27 17 0.745750
140 90 59 26 16 0.695797
141 88 59 26 16 0.726923
142 85 60 26 16 0.680178
143 82 60 28 17 0.736678
144 81 60 28 17 0.786754
145 81 60 28 17 0.757774
146 81 60 28 17 0.788164
147 81 60 28 17 0.861077
148 81 60 28 17 0.855526
149 80 60 28 17 0.841090
150 79 60 28 17 0.814612
151 77 60 29 18 0.810560
152 76 60 29 18 0.837217
153 76 60 29 18 0.832999
154 77 60 29 18 0.830438
155 78 60 29 18 0.843808
156 79 60 29 18 0.825388
157 80 60 29 18 0.795250
158 81 60 29 18 0.760212
159 82 60 29 18 0.763226
160 84 60 29 18 0.767373
161 86 60 29 18 0.746273
162 88 60 29 18 0.757977
163 90 60 29 18 0.760224
164 91 60 29 18 0.753579
165 92 60 29 18 0.711675
166 93 60 29 18 0.684136
167 93 60 29 18 0.671880
168 92 60 29 18 0.687939
169 91 60 29 18 0.731334
170 90 60 29 18 0.741666
171 89 60 29 18 0.738717
172 88 60 29 18 0.729981
173 88 60 29 18 0.724031
174 88 60 29 18 0.704315
175 88 60 29 18 0.735520
176 89 60 29 18 0.711327
177 89 60 29 18 0.719130
178 89 60 29 18 0.728518
179 89 60 29 18 0.710255
180 89 60 29 18 0.717183
181 89 60 29 18 0.735278
182 89 60 29 18 0.707630
183 89 60 29 18 0.714100
184 89 60 29 18 0.716895
185 89 60 29 18 0.718612
186 89 60 29 18 0.728061
187 89 60 29 18 0.741036
188 89 60 29 18 0.747650
189 89 60 29 18 0.742879
190 89 60 29 18 0.734797
191 89 60 29 18 0.729822
192 89 60 29 18 0.724071
193 89 60 29 18 0.717208
194 89 60 29 18 0.711514
195 89 60 29 18 0.716049
196 89 60 29 18 0.710022
197 89 60 29 18 0.727689
198 89 60 29 18 0.727099
199 89 60 29 18 0.731156
200 89 60 29 18 0.742576
201 89 60 29 18 0.747614
202 89 60 29 18 0.728982
203 89 60 29 18 0.707700
204 89 60 29 18 0.700386
205 89 60 29 18 0.705583
206 89 60 29 18 0.700964
207 89 60 29 18 0.712497
208 89 60 29 18 0.717996
209 89 60 29 18 0.720376
210 89 60 29 18 0.716587
211 89 60 29 18 0.700408
212 89 60 29 18 0.696796
213 89 60 29 18 0.695848
214 89 60 29 18 0.696968
215 89 60 29 18 0.701490
216 89 60 29 18 0.706887
217 89 60 29 18 0.717083
218 89 60 29 18 0.712887
219 89 60 29 18 0.705299
220 89 60 29 18 0.699815
221 89 60 29 18 0.704215
222 89 60 29 18 0.707925
223 89 60 29 18 0.718380
224 89 60 29 18 0.731623
225 89 60 29 18 0.756099
226 90 60 29 18 0.754429
227 92 60 29 18 0.696455
228 94 61 29 18 0.649863
229 96 62 29 18 0.793997
230 98 63 29 18 0.628256
231 99 63 29 18 0.955226
232 100 63 29 18 0.919463
233 101 63 29 18 0.883802
234 101 63 29 18 0.869248
235 100 62 29 18 0.710765
236 98 61 30 18 0.627295
237 96 60 30 18 0.888935
238 93 59 31 18 0.796505
239 90 59 31 18 0.701593
240 87 59 32 18 0.750158
241 83 59 34 19 0.782811
242 80 59 35 20 0.741163
243 79 59 36 20 0.695705
244 79 59 36 20 0.676957
245 80 59 36 20 0.628621
246 81 59 36 20 0.936709
247 83 59 36 20 0.843241
248 85 59 36 20 0.690594
249 87 59 36 20 0.639472
250 90 59 35 19 0.865762
251 93 59 34 18 0.722711
252 95 59 33 18 0.718965
253 97 59 32 18 0.687409
254 98 59 31 18 0.621747
255 99 59 31 18 0.944164
256 99 59 31 18 0.954536
257 99 59 31 18 0.923568
258 99 59 31 18 0.855502
259 98 59 31 18 0.945045
260 97 59 31 18 0.973889
261 96 59 31 18 0.931911
262 95 59 32 18 0.885457
263 94 59 32 18 0.867815
264 93 59 32 18 0.749476
265 93 59 32 18 0.799079
266 92 59 32 18 0.723371
267 92 59 32 18 0.735213
268 92 59 32 18 0.743487
269 92 59 32 18 0.748859
270 92 59 32 18 0.759484
271 92 59 32 18 0.763464
272 92 59 32 18 0.769579
273 92 59 32 18 0.774918
274 92 59 32 18 0.783514
275 92 59 32 18 0.785628
276 92 59 32 18 0.783009
277 92 59 32 18 0.768741
278 92 59 32 18 0.738573
279 92 59 32 18 0.716489
280 92 59 32 18 0.711943
281 92 59 32 18 0.739603
282 92 59 32 18 0.749339
283 92 59 32 18 0.748391
284 92 59 32 18 0.727785
285 92 59 32 18 0.704088
286 91 59 33 18 0.697389
287 91 59 33 18 0.746883
288 91 59 33 18 0.752247
289 91 59 33 18 0.753784
290 91 59 33 18 0.736666
291 91 59 33 18 0.723180
292 91 59 33 18 0.721756
293 91 59 33 18 0.732511
294 91 59 33 18 0.735532
295 91 59 33 18 0.733228
296 91 59 33 18 0.734346
297 91 59 33 18 0.738405
298 91 59 33 18 0.735929
299 91 59 33 18 0.741866
300 91 59 33 18 0.752503
301 91 59 33 18 0.760815
302 91 59 33 18 0.750394
303 91 59 33 18 0.785589
304 91 59 33 18 0.817953
305 91 59 33 18 0.824601
306 91 59 33 18 0.822058
307 91 59 33 18 0.825733
308 91 59 33 18 0.823955
309 91 59 33 18 0.816431
310 91 59 33 18 0.804532
311 92 59 33 18 0.803055
312 93 59 33 18 0.735752
313 93 59 33 18 0.758931
314 93 59 33 18 0.742973
315 93 59 33 18 0.692629
316 93 59 33 18 0.695597
317 93 59 33 18 0.740746
318 93 59 33 18 0.756156
319 93 59 33 18 0.732017
320 93 59 33 18 0.703835
321 93 58 33 18 0.713871
322 93 57 33 18 0.679513
323 92 57 33 18 0.742262
324 91 56 33 18 0.806785
325 90 55 33 18 0.834047
326 87 55 33 18 0.707662
327 83 55 34 18 0.700819
328 80 55 34 18 0.659406
329 77 55 35 18 0.633013
330 75 55 36 18 0.987341
331 75 55 36 18 0.963164
332 76 54 36 18 0.899054
333 77 53 35 18 0.974185
334 78 53 34 18 0.982428
335 78 53 34 18 0.962537
336 78 53 34 18 0.973025
337 78 53 34 18 0.953533
338 77 53 35 18 0.940096
339 77 53 35 18 0.903073
340 78 53 35 18 0.895414
341 80 54 35 18 0.703001
342 82 54 35 18 0.768751
343 83 55 35 18 0.653183
344 83 55 35 18 0.652843
345 82 54 35 18 0.746542
346 79 53 36 18 0.801402
347 77 52 36 18 0.876180
348 77 52 36 18 0.885412
349 78 53 36 18 0.827478
350 79 54 36 18 0.760289
351 80 55 36 18 0.800742
352 80 55 36 18 0.808699
353 79 55 36 18 0.722733
354 78 55 36 18 0.823362
355 78 55 36 18 0.809901
356 78 55 36 18 0.828835
357 78 55 36 18 0.841903
358 78 55 36 18 0.839898
359 79 54 36 18 0.818340
360 79 54 36 18 0.761854
361 78 54 36 18 0.828793
362 79 54 36 18 0.729070
363 80 54 36 18 0.732758
364 80 54 36 18 0.798691
365 80 54 36 18 0.797395
366 80 54 36 18 0.830199
367 81 54 36 18 0.794205
368 82 55 36 18 0.720179
369 84 56 35 18 0.707436
370 85 56 35 18 0.741693
371 86 56 35 18 0.777952
372 86 56 35 18 0.755984
373 85 56 35 18 0.729284
374 84 57 35 18 0.742047
375 82 57 36 19 0.701216
376 80 57 37 20 0.876729
377 78 57 38 21 0.874703
378 77 57 39 21 0.911690
379 77 57 39 21 0.906117
380 77 57 39 21 0.882019
381 77 57 39 21 0.836956
382 78 57 39 21 0.807600
383 79 57 39 21 0.691934
384 79 57 39 21 0.722516
385 79 57 39 21 0.742444
386 79 57 39 21 0.761505
387 79 57 39 21 0.757882
388 79 57 39 21 0.748317
389 79 57 39 21 0.738713
390 79 57 39 21 0.739264
391 79 57 39 21 0.760584
392 80 56 38 21 0.719400
393 82 55 37 20 0.714603
394 83 54 37 20 0.695324
395 84 54 37 20 0.615083
396 83 54 37 20 0.886040
397 82 54 37 20 0.866470
398 73 57 44 25 0.665591
399 73 57 44 25 0.682061
400 73 57 44 25 0.680321
401 73 57 44 25 0.662807
402 73 57 44 25 0.658274
403 73 57 44 25 0.664897
404 73 57 44 25 0.662116
405 73 57 44 25 0.650466
406 73 57 44 25 0.628225
407 73 58 44 25 0.968468
408 73 59 44 25 0.902032
409 73 59 44 25 0.914127
410 73 59 44 25 0.912365
411 73 59 44 25 0.906630
412 73 59 44 25 0.898113
413 73 59 44 25 0.899438
414 73 59 44 25 0.906950
415 73 59 44 25 0.909695
416 73 59 44 25 0.909684
417 73 59 44 25 0.900905
418 73 59 44 25 0.887402
419 73 59 44 25 0.889645
420 73 59 44 25 0.885579
421 73 59 44 25 0.863528
422 73 59 44 25 0.856793
423 73 59 44 25 0.848308
424 73 59 44 25 0.832557
425 73 59 44 25 0.825445
426 73 59 44 25 0.821800
427 73 59 44 25 0.824203
428 73 59 44 25 0.821523
429 73 59 44 25 0.827435
430 73 59 44 25 0.834084
431 73 59 44 25 0.829751
432 73 59 44 25 0.849599
433 73 59 44 25 0.849154
434 73 59 44 25 0.835380
435 73 59 44 25 0.812367
436 72 59 44 25 0.812868
437 71 59 44 25 0.856267
438 70 59 44 25 0.879168
439 69 59 44 25 0.847464
440 68 59 44 25 0.745597
441 67 59 44 25 0.617624
442 67 59 44 25 0.995898
443 68 59 44 25 0.906039
444 69 59 44 25 0.840767
445 71 59 43 25 0.807687
446 72 59 43 25 0.796028
447 73 59 43 25 0.873874
448 73 59 43 25 0.861310
449 73 59 43 25 0.882223
450 73 59 43 25 0.862786
451 73 59 43 25 0.849169
452 73 59 43 25 0.823591
453 73 59 43 25 0.790636
454 72 59 43 25 0.856392
455 72 60 43 25 0.836431
456 73 61 43 25 0.815523
457 74 62 43 25 0.768247
458 75 62 43 25 0.767211
459 76 62 43 25 0.787193
460 76 62 43 25 0.791432
461 76 62 43 25 0.790084
462 76 62 43 25 0.781676
463 76 62 43 25 0.752378
464 76 61 43 25 0.794561
465 76 61 43 25 0.771672
466 76 61 43 25 0.778371
467 76 61 43 25 0.788092
468 76 61 43 25 0.770659
469 76 60 43 25 0.848046
470 75 59 43 25 0.789416
471 74 57 44 25 0.791964
472 74 56 44 25 0.783265
473 74 56 44 25 0.772373
474 74 56 44 25 0.754381
475 74 56 44 25 0.705734
476 74 57 44 25 0.730786
477 74 58 44 25 0.765674
478 74 58 44 25 0.732242
479 74 58 44 25 0.725559
480 74 58 44 25 0.734923
481 74 58 44 25 0.751958
482 74 58 44 25 0.772402
483 74 58 44 25 0.788127
484 74 58 44 25 0.787848
485 74 58 44 25 0.770435
486 74 58 44 25 0.772793
487 74 58 44 25 0.774962
488 74 58 44 25 0.788861
489 74 58 44 25 0.781750
490 74 58 44 25 0.781105
491 74 58 44 25 0.780924
492 74 58 44 25 0.771860
493 74 58 44 25 0.773752
494 74 58 44 25 0.768652
495 74 58 44 25 0.764917
496 74 58 44 25 0.765584
497 74 58 44 25 0.770357
498 74 58 44 25 0.757700
499 73 58 44 25 0.768256
500 72 58 44 25 0.811194
501 71 58 44 25 0.768489
502 69 59 45 25 0.819927
503 65 60 46 26 0.769426
504 62 61 46 26 0.701297
505 60 62 46 26 0.715352
506 59 62 46 26 0.683311
507 59 62 46 26 0.667754
508 59 62 46 26 0.636301
509 59 62 46 26 0.982026
510 59 62 46 26 0.960147
511 59 62 46 26 0.963312
512 59 62 46 26 0.938579
513 59 62 46 26 0.901376
514 59 62 46 26 0.877041
515 59 62 46 26 0.851165
516 59 62 46 26 0.834942
517 59 62 46 26 0.819304
518 59 62 46 26 0.807523
519 59 62 46 26 0.811174
520 59 62 46 26 0.810468
521 59 62 46 26 0.792414
522 59 62 46 26 0.791073
523 59 62 46 26 0.788949
524 59 62 46 26 0.783435
525 59 62 46 26 0.773630
526 59 62 46 26 0.774732
527 59 62 46 26 0.768957
528 59 62 46 26 0.770184
529 59 62 46 26 0.767776
530 59 62 46 26 0.764186
531 59 62 46 26 0.763541
532 59 62 46 26 0.767407
533 59 62 46 26 0.770794
534 59 62 46 26 0.767990
535 59 62 46 26 0.770541
536 59 62 46 26 0.763762
537 59 62 46 26 0.762379
538 59 62 46 26 0.772188
539 59 62 46 26 0.772100
540 59 62 46 26 0.768576
541 59 62 46 26 0.770638
542 59 62 46 26 0.766218
543 59 62 46 26 0.770224
544 59 62 46 26 0.771173
545 59 62 46 26 0.774092
546 59 62 46 26 0.747856
547 59 62 46 26 0.746022
548 59 62 46 26 0.744261
549 59 62 46 26 0.745697
550 59 62 46 26 0.740188
551 59 62 46 26 0.730459
552 59 62 46 26 0.735996
553 59 62 46 26 0.725068
554 59 62 46 26 0.728065
555 59 62 46 26 0.746431
556 59 62 46 26 0.742280
557 59 62 46 26 0.717067
558 59 61 46 26 0.700068
559 58 59 46 26 0.704454
560 57 58 46 26 0.683957
561 56 56 46 26 0.699392
562 55 54 46 26 0.721283
563 54 53 46 26 0.695671
564 54 53 46 26 0.671706
565 55 54 46 26 0.679856
566 55 55 46 26 0.645946
567 55 55 46 26 0.991681
568 55 55 46 26 0.990379
569 55 55 46 26 0.971518
570 55 55 46 26 0.942516
571 55 55 46 26 0.912701
572 55 55 46 26 0.912134
573 55 55 46 26 0.922397
574 55 55 46 26 0.921009
575 55 55 46 26 0.939401
576 55 55 46 26 0.937310
577 56 55 46 26 0.904106
578 56 55 46 26 0.909908
579 56 55 46 26 0.905517
580 56 55 46 26 0.889068
581 56 55 46 26 0.862638
582 56 55 46 26 0.851225
583 56 55 46 26 0.848863
584 56 55 46 26 0.839504
585 56 55 46 26 0.837039
586 56 55 46 26 0.853434
587 56 55 46 26 0.865588
588 56 55 46 26 0.851875
589 56 55 46 26 0.829073
590 56 55 46 26 0.798707
591 56 55 46 26 0.764636
592 56 55 46 26 0.711005
593 56 55 46 26 0.671114
594 56 55 46 26 0.670343
595 56 55 46 26 0.684206
596 56 55 46 26 0.715861
597 56 55 46 26 0.750841
598 56 55 46 26 0.775420
599 56 55 46 26 0.791433
600 56 55 46 26 0.796167
601 56 55 46 26 0.796031
602 56 55 46 26 0.790727
603 56 55 46 26 0.785171
604 56 55 46 26 0.789449
605 56 55 46 26 0.792063
606 56 55 46 26 0.799025
607 56 55 46 26 0.795292
608 56 55 46 26 0.800491
609 56 55 46 26 0.800337
610 56 55 46 26 0.806621
611 56 55 46 26 0.797634
612 56 55 46 26 0.813836
613 56 55 46 26 0.806638
614 56 55 46 26 0.800123
615 56 55 46 26 0.791556
616 56 55 46 26 0.788365
617 56 55 46 26 0.788901
618 56 55 46 26 0.789567
619 56 55 46 26 0.784688
620 56 55 46 26 0.783156
621 56 55 46 26 0.790150
622 56 55 46 26 0.808685
623 55 55 46 26 0.746014
624 54 55 46 26 0.696431
625 53 55 46 26 0.650470
626 53 55 46 26 0.687956
627 53 55 46 26 0.699484
628 53 55 46 26 0.688850
629 53 55 46 26 0.676580
630 53 55 46 26 0.659578
631 53 55 46 26 0.647271
632 53 55 46 26 0.993311
633 53 55 46 26 0.993706
634 53 55 46 26 0.970581
635 52 55 46 26 0.988025
636 51 55 46 26 0.961437
637 51 55 46 26 0.966020
638 51 55 46 26 0.960605
639 51 55 46 26 0.956812
640 51 55 46 26 0.901300
641 51 55 46 26 0.837968
642 51 55 46 26 0.823018
643 51 55 46 26 0.835767
644 51 55 46 26 0.854240
645 51 55 46 26 0.879948
646 51 55 46 26 0.897164
647 51 55 46 26 0.904190
648 51 55 46 26 0.903422
649 51 55 46 26 0.903785
650 51 55 46 26 0.901761
651 51 55 46 26 0.891915
652 51 55 46 26 0.886734
653 51 55 46 26 0.896908
654 51 55 46 26 0.905515
655 51 55 46 26 0.857423
656 51 55 46 26 0.903463
657 51 55 46 26 0.899872
658 51 55 46 26 0.902908
659 51 55 46 26 0.916963
660 51 55 46 26 0.933301
661 51 55 46 26 0.954277
662 51 55 46 26 0.973219
663 51 55 46 26 0.969705
664 51 55 46 26 0.949404
665 51 55 46 26 0.943812
666 51 55 46 26 0.954340
667 51 55 46 26 0.963470
668 51 55 46 26 0.969581
669 51 55 46 26 0.970224
670 51 55 46 26 0.969751
671 51 55 46 26 0.953121
672 51 55 46 26 0.939547
673 51 55 46 26 0.932225
674 51 55 46 26 0.908176
675 51 55 46 26 0.886882
676 51 55 46 26 0.882898
677 51 55 46 26 0.865946
678 51 55 46 26 0.864228
679 51 55 46 26 0.894232
680 51 55 46 26 0.909442
681 51 55 46 26 0.898677
682 51 55 46 26 0.887763
683 51 55 46 26 0.862406
684 51 54 46 26 0.906191
685 51 54 46 26 0.851858
686 51 54 46 26 0.837627
687 51 54 46 26 0.899668
688 51 54 46 26 0.916054
689 51 54 46 26 0.909507
690 51 54 46 26 0.881789
691 51 53 46 26 0.915577
692 51 53 46 26 0.871081
693 52 54 46 26 0.861626
694 53 56 46 26 0.807151
695 54 56 46 26 0.779059
696 55 55 46 26 0.704275
697 55 54 46 26 0.704965
698 55 54 46 26 0.689358
699 55 54 46 26 0.729225
700 55 54 46 26 0.744966
701 55 54 46 26 0.681343
702 55 53 46 26 0.708014
703 55 53 46 26 0.694201
704 55 53 46 26 0.694959
705 55 53 46 26 0.698811
706 55 54 46 26 0.671877
707 55 54 46 26 0.715220
708 55 54 46 26 0.738288
709 55 54 46 26 0.712360
710 55 54 46 26 0.697604
711 55 54 45 26 0.687582
712 55 54 45 26 0.740777
713 55 54 45 26 0.794189
714 55 54 45 26 0.767454
715 55 54 45 26 0.737315
716 55 54 45 26 0.716537
717 55 54 45 26 0.687514
718 55 54 45 26 0.688025
719 55 54 45 26 0.720378
720 55 54 45 26 0.728658
721 55 54 45 26 0.712218
722 55 54 45 26 0.698677
723 55 54 45 26 0.695801
724 55 54 45 26 0.700386
725 55 54 45 26 0.698825
726 55 54 45 26 0.724571
727 55 54 45 26 0.731143
728 55 54 45 26 0.730214
729 55 54 45 26 0.716654
730 55 54 45 26 0.707709
731 55 54 45 26 0.705945
732 55 54 45 26 0.706171
733 55 54 45 26 0.709883
734 55 54 45 26 0.714346
735 55 54 45 26 0.716533
736 55 54 45 26 0.719759
737 55 54 45 26 0.718931
738 55 54 45 26 0.715364
739 55 54 45 26 0.705754
740 55 54 45 26 0.693150
741 55 54 45 26 0.684752
742 55 54 45 26 0.684022
743 55 54 45 26 0.688256
744 55 54 45 26 0.702466
745 55 54 45 26 0.713146
746 55 54 45 26 0.712151
747 55 54 45 26 0.715424
748 55 54 45 26 0.741041
749 55 54 45 26 0.753506
750 55 54 45 26 0.756047
751 55 54 45 26 0.751586
752 55 54 45 26 0.760057
753 55 54 45 26 0.739912
754 55 54 45 26 0.728143
755 55 54 45 26 0.719580
756 55 54 45 26 0.715669
757 55 54 45 26 0.720184
758 55 54 45 26 0.725741
759 55 54 45 26 0.747327
760 55 54 45 26 0.749784
761 55 54 45 26 0.740072
762 55 54 45 26 0.733876
763 55 54 45 26 0.727481
764 55 54 45 26 0.714698
765 55 54 45 26 0.711795
766 55 54 45 26 0.713799
767 55 54 45 26 0.718677
768 55 54 45 26 0.721771
769 55 54 45 26 0.706119
770 55 54 45 26 0.706931
771 55 54 45 26 0.709619
772 55 54 45 26 0.704925
773 55 54 45 26 0.708851
774 55 54 45 26 0.707484
775 55 54 45 26 0.705031
776 55 54 45 26 0.698486
777 55 54 45 26 0.707293
778 55 54 45 26 0.728850
779 55 54 45 26 0.738685
780 55 54 45 26 0.739543
781 55 54 45 26 0.734076
782 55 54 45 26 0.738521
783 55 54 45 26 0.746193
784 55 54 45 26 0.729095
785 55 54 45 26 0.702107
786 55 54 45 26 0.685681
787 55 54 45 26 0.694951
788 55 54 45 26 0.708839
789 55 54 45 26 0.721924
790 55 54 45 26 0.747926
791 55 54 45 26 0.745864
792 55 54 45 26 0.741655
793 55 54 45 26 0.737136
794 55 54 45 26 0.729080
795 55 54 45 26 0.727387
796 55 54 45 26 0.729352
797 55 54 45 26 0.718553
798 55 54 45 26 0.687970
799 55 54 45 26 0.675392
800 55 54 45 26 0.677407
801 55 54 45 26 0.692241
802 55 54 45 26 0.708232
803 55 54 45 26 0.731371
804 55 54 45 26 0.710465
805 55 54 44 26 0.647275
806 55 54 44 26 0.955180
807 55 54 44 26 0.895345
808 55 54 44 26 0.868956
809 55 54 44 26 0.837777
810 54 53 44 26 0.878051
811 53 53 44 26 0.845932
812 53 53 44 26 0.852520
813 53 53 44 26 0.845260
814 53 53 44 26 0.833994
815 53 53 44 26 0.831485
816 53 53 44 26 0.807177
817 53 53 44 26 0.761011
818 53 53 44 26 0.735648
819 53 53 44 26 0.731547
820 53 53 44 26 0.739915
821 53 53 44 26 0.747980
822 53 53 44 26 0.742340
823 53 53 44 26 0.743514
824 53 53 44 26 0.751930
825 53 53 44 26 0.771335
826 53 53 44 26 0.793112
827 53 53 44 26 0.799182
828 53 53 44 26 0.794307
829 53 53 44 26 0.777044
830 53 53 44 26 0.770842
831 53 53 44 26 0.744146
832 53 53 44 26 0.704143
833 53 53 44 26 0.675841
834 53 53 44 26 0.673667
835 53 53 44 26 0.672265
836 53 53 44 26 0.669846
837 53 53 44 26 0.667151
838 53 53 44 26 0.670516
839 53 53 44 26 0.670081
840 53 53 44 26 0.674843
841 53 53 44 26 0.677105
842 53 53 44 26 0.683791
843 53 53 44 26 0.693605
844 53 53 44 26 0.700011
845 53 53 44 26 0.701066
846 53 53 44 26 0.700664
847 53 53 44 26 0.702479
848 53 53 44 26 0.709675
849 53 53 44 26 0.711452
850 53 53 44 26 0.715963
851 53 53 44 26 0.720812
852 53 53 44 26 0.710766
853 53 53 44 26 0.701277
854 53 53 44 26 0.703096
855 53 53 44 26 0.704201
856 53 53 44 26 0.713139
857 53 53 44 26 0.725902
858 53 53 44 26 0.727838
859 53 53 44 26 0.728621
860 53 53 44 26 0.726829
861 53 53 44 26 0.721476
862 53 53 44 26 0.718911
863 53 53 44 26 0.718723
864 53 53 44 26 0.716679
865 53 53 44 26 0.718002
866 53 53 44 26 0.720117
867 53 53 44 26 0.722580
868 53 53 44 26 0.724731
869 53 53 44 26 0.726727
870 53 53 44 26 0.718663
871 53 53 44 26 0.704141
872 53 53 44 26 0.697249
873 53 53 44 26 0.702727
874 53 53 44 26 0.703394
875 53 53 44 26 0.694784
876 53 53 44 26 0.679511
877 53 53 44 26 0.675814
