2 NaN NaN NaN NaN NaN
3 NaN NaN NaN NaN NaN
4 NaN NaN NaN NaN NaN
5 NaN NaN NaN NaN NaN
6 NaN NaN NaN NaN NaN
7 NaN NaN NaN NaN NaN
8 NaN NaN NaN NaN NaN
9 NaN NaN NaN NaN NaN
10 NaN NaN NaN NaN NaN
11 NaN NaN NaN NaN NaN
12 NaN NaN NaN NaN NaN
13 NaN NaN NaN NaN NaN
14 NaN NaN NaN NaN NaN
15 NaN NaN NaN NaN NaN
16 NaN NaN NaN NaN NaN
17 NaN NaN NaN NaN NaN
18 NaN NaN NaN NaN NaN
19 NaN NaN NaN NaN NaN
20 NaN NaN NaN NaN NaN
21 NaN NaN NaN NaN NaN
22 NaN NaN NaN NaN NaN
23 NaN NaN NaN NaN NaN
24 NaN NaN NaN NaN NaN
25 NaN NaN NaN NaN NaN
26 NaN NaN NaN NaN NaN
27 NaN NaN NaN NaN NaN
28 NaN NaN NaN NaN NaN
29 NaN NaN NaN NaN NaN
30 NaN NaN NaN NaN NaN
31 NaN NaN NaN NaN NaN
32 NaN NaN NaN NaN NaN
33 NaN NaN NaN NaN NaN
34 NaN NaN NaN NaN NaN
35 NaN NaN NaN NaN NaN
36 NaN NaN NaN NaN NaN
37 NaN NaN NaN NaN NaN
38 NaN NaN NaN NaN NaN
39 NaN NaN NaN NaN NaN
40 NaN NaN NaN NaN NaN
41 NaN NaN NaN NaN NaN
42 NaN NaN NaN NaN NaN
43 NaN NaN NaN NaN NaN
44 NaN NaN NaN NaN NaN
45 NaN NaN NaN NaN NaN
46 NaN NaN NaN NaN NaN
47 NaN NaN NaN NaN NaN
48 NaN NaN NaN NaN NaN
49 NaN NaN NaN NaN NaN
50 NaN NaN NaN NaN NaN
51 NaN NaN NaN NaN NaN
52 NaN NaN NaN NaN NaN
53 NaN NaN NaN NaN NaN
54 NaN NaN NaN NaN NaN
55 NaN NaN NaN NaN NaN
56 NaN NaN NaN NaN NaN
57 NaN NaN NaN NaN NaN
58 NaN NaN NaN NaN NaN
59 NaN NaN NaN NaN NaN
60 NaN NaN NaN NaN NaN
61 NaN NaN NaN NaN NaN
62 NaN NaN NaN NaN NaN
63 NaN NaN NaN NaN NaN
64 NaN NaN NaN NaN NaN
65 NaN NaN NaN NaN NaN
66 NaN NaN NaN NaN NaN
67 NaN NaN NaN NaN NaN
68 NaN NaN NaN NaN NaN
69 NaN NaN NaN NaN NaN
70 NaN NaN NaN NaN NaN
71 NaN NaN NaN NaN NaN
72 NaN NaN NaN NaN NaN
73 NaN NaN NaN NaN NaN
74 NaN NaN NaN NaN NaN
75 NaN NaN NaN NaN NaN
76 NaN NaN NaN NaN NaN
77 NaN NaN NaN NaN NaN
78 NaN NaN NaN NaN NaN
79 NaN NaN NaN NaN NaN
80 NaN NaN NaN NaN NaN
81 NaN NaN NaN NaN NaN
82 NaN NaN NaN NaN NaN
83 NaN NaN NaN NaN NaN
84 NaN NaN NaN NaN NaN
85 NaN NaN NaN NaN NaN
86 70 57 34 28 0.656714
87 66 57 34 28 0.679485
88 64 57 34 28 0.665478
89 63 57 34 28 0.643309
90 62 57 34 28 0.949803
91 62 57 34 28 0.912537
92 63 57 34 28 0.965373
93 64 57 34 28 0.965542
94 64 57 34 28 0.968847
95 64 57 34 28 0.946677
96 64 57 34 28 0.913474
97 64 57 34 28 0.905648
98 64 57 34 28 0.908219
99 64 57 34 28 0.899752
100 64 57 34 28 0.886685
101 64 57 34 28 0.844986
102 64 57 34 28 0.761260
103 65 57 34 28 0.786616
104 66 56 34 28 0.823107
105 67 56 34 28 0.740212
106 68 56 34 28 0.689748
107 69 56 34 28 0.656318
108 70 55 35 28 0.687657
109 70 55 35 28 0.665135
110 69 55 35 28 0.624213
111 67 55 35 28 0.954738
112 64 55 34 28 0.869051
113 60 54 34 28 0.893515
114 57 54 34 28 0.867971
115 54 54 34 28 0.863929
116 52 54 34 28 0.871785
117 50 54 34 28 0.849495
118 48 54 34 28 0.803625
119 47 53 34 28 0.840097
120 46 52 34 28 0.818130
121 45 51 34 28 0.734887
122 45 49 34 28 0.772560
123 44 47 35 28 0.743666
124 43 45 35 28 0.644244
125 43 44 35 28 0.965127
126 43 43 35 28 0.968505
127 43 43 35 28 0.920367
128 44 44 35 28 0.934246
129 46 44 35 28 0.951170
130 48 43 35 28 0.868439
131 50 43 35 28 0.870029
132 51 43 35 28 0.883762
133 53 43 35 28 0.900921
134 55 44 35 28 0.769838
135 58 46 35 28 0.661796
136 62 47 35 28 0.575718
137 67 48 35 28 0.939397
138 72 50 35 28 0.936415
139 76 52 35 28 0.904065
140 78 53 35 28 0.868302
141 79 54 35 28 0.840901
142 79 55 35 28 0.811251
143 77 55 35 28 0.835453
144 72 54 35 28 0.840738
145 65 55 35 28 0.837686
146 58 57 34 27 0.723492
147 52 60 34 27 0.686377
148 47 63 35 28 0.657423
149 43 65 36 29 0.655165
150 40 67 36 29 0.627472
151 37 69 37 29 0.927148
152 34 71 38 30 0.925388
153 32 72 39 30 0.884532
154 31 73 39 30 0.912939
155 31 73 39 30 0.869199
156 30 73 39 30 0.816868
157 28 74 39 30 0.866608
158 27 74 39 30 0.806384
159 26 74 39 30 0.761768
160 25 74 39 30 0.720347
161 23 75 39 30 0.787691
162 21 75 39 30 0.751234
163 18 75 39 30 0.740470
164 16 75 39 30 0.777900
165 13 74 39 30 0.751694
166 11 73 39 30 0.735290
167 08 73 39 30 0.709194
168 05 73 39 30 0.644048
169 03 74 39 30 0.968576
170 01 75 39 30 0.957015
171 00 76 39 30 0.950418
172 00 78 39 30 0.895344
173 00 79 39 30 0.909580
174 00 80 39 30 0.873635
175 00 81 39 30 0.851591
176 00 82 39 30 0.858752
177 00 84 39 30 0.832521
178 00 85 39 30 0.819272
179 01 86 39 30 0.838317
180 02 87 39 30 0.819530
181 02 88 39 30 0.797456
182 02 89 39 30 0.791551
183 02 90 39 30 0.768602
184 02 90 39 30 0.803538
185 02 90 39 30 0.823040
186 02 90 39 30 0.820926
187 02 90 39 30 0.809792
188 02 90 39 30 0.808831
189 02 90 39 30 0.783204
190 03 90 39 30 0.809403
191 04 90 39 30 0.812025
192 NaN NaN NaN NaN NaN
193 04 91 34 28 0.662320
194 02 91 34 28 0.666266
195 NaN NaN NaN NaN NaN
196 NaN NaN NaN NaN NaN
197 NaN NaN NaN NaN NaN
198 NaN NaN NaN NaN NaN
199 NaN NaN NaN NaN NaN
200 NaN NaN NaN NaN NaN
201 NaN NaN NaN NaN NaN
202 NaN NaN NaN NaN NaN
203 NaN NaN NaN NaN NaN
204 NaN NaN NaN NaN NaN
205 NaN NaN NaN NaN NaN
206 NaN NaN NaN NaN NaN
207 NaN NaN NaN NaN NaN
208 NaN NaN NaN NaN NaN
209 NaN NaN NaN NaN NaN
210 NaN NaN NaN NaN NaN
211 NaN NaN NaN NaN NaN
212 NaN NaN NaN NaN NaN
213 NaN NaN NaN NaN NaN
214 NaN NaN NaN NaN NaN
215 NaN NaN NaN NaN NaN
216 NaN NaN NaN NaN NaN
217 NaN NaN NaN NaN NaN
218 NaN NaN NaN NaN NaN
219 01 73 34 28 0.840359
220 07 71 34 28 0.821151
221 13 70 34 28 0.769936
222 19 69 34 28 0.746634
223 24 69 34 28 0.744285
224 28 69 34 28 0.716690
225 32 70 34 28 0.794116
226 34 70 35 29 0.802755
227 36 70 35 29 0.792810
228 36 70 36 30 0.797365
229 34 71 36 30 0.811711
230 31 72 36 30 0.775721
231 27 74 36 30 0.755222
232 22 74 41 34 0.600878
233 19 78 42 35 0.961995
234 18 81 43 36 0.883194
235 18 83 43 36 0.886970
236 19 84 43 36 0.863948
237 20 84 43 36 0.826930
238 19 84 43 36 0.809498
239 17 83 43 36 0.835142
240 16 82 43 36 0.818513
241 17 81 43 36 0.781829
242 19 80 43 36 0.802799
243 22 79 43 36 0.843560
244 25 78 43 36 0.863026
245 28 78 43 36 0.836478
246 30 78 43 36 0.818108
247 32 78 43 36 0.780816
248 32 78 43 36 0.786928
249 31 78 43 36 0.779558
250 29 78 43 36 0.763165
251 26 78 43 36 0.775355
252 23 78 43 36 0.817886
253 21 78 43 36 0.843346
254 19 78 43 36 0.870945
255 18 78 43 36 0.876899
256 17 78 43 36 0.868577
257 16 78 43 36 0.841753
258 15 78 43 36 0.811758
259 14 78 43 36 0.812477
260 13 78 43 36 0.845805
261 12 78 43 36 0.858751
262 11 78 43 36 0.849410
263 11 78 43 36 0.862299
264 11 78 43 36 0.859809
265 10 78 43 36 0.857084
266 10 78 43 36 0.846416
267 10 78 43 36 0.840691
268 10 78 43 36 0.841579
269 10 78 43 36 0.840779
270 10 78 43 36 0.831950
271 10 78 43 36 0.833774
272 10 78 43 36 0.837146
273 10 78 43 36 0.827319
274 10 78 43 36 0.814654
275 10 78 43 36 0.815942
276 10 78 43 36 0.810940
277 10 78 43 36 0.823275
278 10 78 43 36 0.825041
279 10 78 43 36 0.817139
280 10 78 43 36 0.802521
281 10 78 43 36 0.788027
282 10 78 43 36 0.771162
283 10 78 43 36 0.778023
284 11 78 43 36 0.769687
285 12 78 43 36 0.776677
286 13 78 43 36 0.776870
287 13 78 43 36 0.785532
288 13 78 43 36 0.789135
289 13 78 43 36 0.832971
290 14 78 43 36 0.790950
291 15 78 43 36 0.739453
292 15 78 43 36 0.768263
293 15 78 43 36 0.787056
294 15 78 43 36 0.782505
295 14 78 43 36 0.806261
296 14 78 43 36 0.779716
297 14 78 43 36 0.811030
298 15 78 43 36 0.754313
299 15 78 43 36 0.776133
300 15 78 43 36 0.737096
301 15 78 43 36 0.718097
302 15 78 43 36 0.702448
303 15 78 43 36 0.716792
304 15 78 43 36 0.701914
305 15 78 43 36 0.661674
306 15 78 43 36 0.659061
307 16 78 43 36 0.635525
308 17 78 43 36 0.987530
309 18 78 43 36 0.980310
310 19 78 43 36 0.973572
311 20 78 43 36 0.951708
312 20 78 43 36 0.920576
313 21 78 43 36 0.925813
314 21 78 43 36 0.950710
315 20 78 43 36 0.945810
316 18 78 43 36 0.949929
317 15 78 43 36 0.929806
318 13 78 43 36 0.919083
319 12 78 43 36 0.928906
320 12 78 43 36 0.951628
321 12 78 43 36 0.964979
322 12 78 43 36 0.959572
323 11 78 43 36 0.934965
324 10 78 43 36 0.903636
325 09 78 43 36 0.845777
326 09 78 43 36 0.876227
327 09 78 43 36 0.893230
328 09 78 43 36 0.904005
329 09 78 43 36 0.900478
330 09 78 43 36 0.918592
331 09 78 43 36 0.925717
332 09 78 43 36 0.916199
333 09 78 43 36 0.894923
334 09 78 43 36 0.885624
335 09 78 43 36 0.889120
336 09 78 43 36 0.892491
337 11 79 40 33 0.762984
338 11 79 40 33 0.767241
339 11 79 40 33 0.780162
340 11 79 40 33 0.798307
341 11 79 40 33 0.810972
342 11 79 40 33 0.815911
343 11 79 40 33 0.819560
344 11 79 40 33 0.814923
345 11 79 40 33 0.809528
346 11 79 40 33 0.808278
347 11 79 40 33 0.808147
348 11 79 40 33 0.808154
349 11 79 40 33 0.802225
350 11 79 40 33 0.810647
351 11 79 40 33 0.817873
352 11 79 40 33 0.823528
353 11 79 40 33 0.826814
354 11 79 40 33 0.823386
355 11 79 40 33 0.824961
356 11 79 40 33 0.817847
357 11 79 40 33 0.813461
358 11 79 40 33 0.813140
359 11 79 40 33 0.807831
360 11 79 40 33 0.792413
361 11 79 40 33 0.794977
362 11 79 40 33 0.794113
363 11 79 40 33 0.779860
364 11 79 40 33 0.789927
365 11 79 40 33 0.781811
366 11 79 40 33 0.779093
367 11 79 40 33 0.777391
368 11 79 40 33 0.781035
369 11 79 40 33 0.775643
370 11 79 40 33 0.788364
371 11 79 40 33 0.786242
372 11 79 40 33 0.788426
373 11 79 40 33 0.780458
374 11 79 40 33 0.779502
375 11 79 40 33 0.770868
376 11 79 40 33 0.766017
377 11 79 40 33 0.754537
378 11 79 40 33 0.752339
379 11 79 40 33 0.744268
380 11 79 40 33 0.739688
381 11 79 40 33 0.727732
382 11 79 40 33 0.718039
383 11 79 40 33 0.692271
384 11 79 40 33 0.678592
385 11 79 40 33 0.716370
386 11 79 40 33 0.703086
387 11 79 40 33 0.684662
388 11 79 40 33 0.655223
389 11 79 40 33 0.636257
390 11 79 40 33 0.987172
391 11 79 40 33 0.976060
392 11 79 40 33 0.945906
393 11 79 40 33 0.908236
394 11 79 40 33 0.869556
395 11 79 40 33 0.800029
396 11 79 40 33 0.765455
397 11 79 40 33 0.769668
398 11 79 40 33 0.786281
399 11 79 40 33 0.804744
400 11 79 40 33 0.814081
401 11 79 40 33 0.826679
402 11 79 40 33 0.864945
403 11 79 40 33 0.862323
404 11 79 40 33 0.852419
405 11 79 40 33 0.848037
406 11 79 40 33 0.846406
407 11 79 40 33 0.861169
408 11 79 40 33 0.885341
409 11 79 40 33 0.903790
410 11 79 40 33 0.895221
411 11 79 40 33 0.888543
412 11 79 40 33 0.871868
413 11 79 40 33 0.848986
414 11 79 40 33 0.827316
415 11 79 40 33 0.842312
416 11 79 40 33 0.871244
417 11 79 40 33 0.896933
418 11 79 40 33 0.923331
419 11 79 40 33 0.926213
420 11 79 40 33 0.926217
421 11 79 40 33 0.942463
422 11 79 40 33 0.946482
423 11 79 40 33 0.938076
424 11 79 40 33 0.936463
425 11 79 40 33 0.926625
426 11 79 40 33 0.920425
427 11 79 40 33 0.916499
428 11 79 40 33 0.926234
429 11 79 40 33 0.940106
430 11 79 40 33 0.930741
431 11 79 40 33 0.905022
432 11 79 40 33 0.906875
433 11 79 40 33 0.907552
434 11 79 40 33 0.913134
435 11 79 40 33 0.906647
436 11 79 40 33 0.884918
437 11 79 40 33 0.857658
438 11 79 40 33 0.855209
439 11 79 40 33 0.811160
440 11 79 40 33 0.744189
441 10 79 40 33 0.774614
442 09 79 40 33 0.756664
443 08 79 40 33 0.742527
444 07 79 40 33 0.772020
445 07 79 40 33 0.728308
446 07 79 40 33 0.768554
447 07 79 40 33 0.836612
448 08 79 40 33 0.751003
449 08 79 40 33 0.791544
450 08 79 40 33 0.809650
451 08 79 40 33 0.770005
452 08 79 40 33 0.700397
453 08 79 40 33 0.635611
454 08 79 40 33 0.976342
455 08 79 40 33 0.963798
456 08 79 40 33 0.970888
457 08 79 40 33 0.980337
458 08 79 40 33 0.984569
459 08 79 40 33 0.985093
460 08 79 40 33 0.966046
461 08 79 40 33 0.912932
462 08 79 40 33 0.863279
463 08 79 40 33 0.850096
464 08 79 40 33 0.866850
465 09 79 40 33 0.842764
466 13 78 39 32 0.814202
467 21 76 37 30 0.763535
468 33 74 35 29 0.602279
469 45 70 37 31 0.692140
470 58 67 39 33 0.557559
471 71 67 39 33 0.838586
472 83 67 42 35 0.646906
473 95 70 42 35 0.774523
474 109 78 36 30 0.569964
475 117 85 37 31 0.787060
476 NaN NaN NaN NaN NaN
477 NaN NaN NaN NaN NaN
478 NaN NaN NaN NaN NaN
479 NaN NaN NaN NaN NaN
480 NaN NaN NaN NaN NaN
481 NaN NaN NaN NaN NaN
482 NaN NaN NaN NaN NaN
483 NaN NaN NaN NaN NaN
484 NaN NaN NaN NaN NaN
485 NaN NaN NaN NaN NaN
486 124 87 34 28 0.666972
487 125 84 33 27 0.669681
488 125 80 35 28 0.712354
489 125 78 35 28 0.692741
490 123 76 36 29 0.683898
491 121 76 36 29 0.654913
492 120 77 36 29 0.638653
493 119 78 37 30 0.932108
494 119 81 37 30 0.922798
495 119 84 37 30 0.878654
496 119 86 37 30 0.812348
497 119 87 37 30 0.816228
498 119 87 37 30 0.837968
499 118 86 37 30 0.808674
500 117 85 37 30 0.784413
501 116 84 37 30 0.722826
502 116 83 37 30 0.667727
503 116 83 37 30 0.682273
504 116 84 37 30 0.722209
505 116 84 37 30 0.672029
506 116 85 37 30 0.731582
507 116 86 37 30 0.731268
508 116 87 37 30 0.730218
509 116 87 37 30 0.697818
510 116 87 37 30 0.704317
511 116 87 37 30 0.707524
512 116 87 37 30 0.710082
513 116 87 37 30 0.709476
514 116 87 37 30 0.748087
515 116 87 37 30 0.754273
516 116 87 38 30 0.751967
517 116 87 38 30 0.748045
518 116 87 38 30 0.742030
519 116 87 38 30 0.729818
520 116 87 38 30 0.727003
521 116 87 38 30 0.728433
522 116 87 39 30 0.752567
523 116 87 39 30 0.746646
524 116 87 39 30 0.729214
525 116 87 39 30 0.734974
526 116 87 39 30 0.741435
527 116 87 38 30 0.736195
528 116 87 38 30 0.730220
529 116 87 38 30 0.734400
530 116 87 38 30 0.729027
531 116 87 38 30 0.734188
532 116 87 38 30 0.739757
533 116 87 38 30 0.745260
534 116 87 38 30 0.745059
535 116 87 38 30 0.742438
536 116 87 38 30 0.732309
537 116 87 38 30 0.725294
538 116 87 38 30 0.726361
539 116 87 38 30 0.730454
540 116 87 38 30 0.718015
541 116 87 38 30 0.717342
542 116 87 38 30 0.707484
543 116 87 38 30 0.708672
544 116 87 38 30 0.704889
545 116 87 38 30 0.721111
546 116 87 38 30 0.718127
547 116 87 38 30 0.710103
548 116 87 38 30 0.711696
549 116 87 38 30 0.724551
550 116 87 38 30 0.718783
551 116 87 38 30 0.704808
552 116 87 38 30 0.702417
553 116 87 38 30 0.710226
554 116 87 38 30 0.697174
555 116 87 38 30 0.701142
556 116 87 38 30 0.696358
557 116 87 38 30 0.702962
558 116 87 38 30 0.693559
559 116 87 38 30 0.705988
560 116 87 38 30 0.679502
561 116 87 38 30 0.681386
562 116 87 38 30 0.680763
563 116 87 38 30 0.700604
564 116 87 38 30 0.692498
565 116 87 38 30 0.696510
566 116 87 38 30 0.708021
567 116 87 37 30 0.709627
568 116 87 37 30 0.703506
569 116 87 37 30 0.686642
570 116 87 37 30 0.685620
571 116 87 37 30 0.682311
572 116 87 37 30 0.668385
573 116 87 37 30 0.664106
574 116 87 37 30 0.673658
575 116 87 38 30 0.682010
576 116 87 38 30 0.674045
577 116 87 38 30 0.669954
578 116 86 39 31 0.639187
579 116 86 39 31 0.968444
580 116 86 39 31 0.965675
581 116 86 39 31 0.966024
582 116 86 39 31 0.955937
583 116 86 39 31 0.958548
584 116 86 39 31 0.954066
585 116 86 39 31 0.959862
586 116 86 39 31 0.958186
587 116 86 39 31 0.954786
588 116 86 39 31 0.939023
589 116 86 39 31 0.930841
590 116 86 39 31 0.932088
591 116 86 39 31 0.914247
592 116 86 39 31 0.914844
593 116 86 39 31 0.906312
594 116 86 39 31 0.869555
595 116 86 39 31 0.842341
596 116 86 39 31 0.817888
597 116 86 39 31 0.827648
598 116 86 39 31 0.827702
599 116 86 39 31 0.836124
600 116 86 39 31 0.804183
601 116 86 39 31 0.798005
602 116 86 39 31 0.805862
603 116 86 39 31 0.808263
604 116 86 39 31 0.816058
605 116 86 39 31 0.814088
606 116 86 39 31 0.823453
607 116 86 39 31 0.828049
608 116 86 39 31 0.812987
609 116 86 39 31 0.815440
610 116 86 39 31 0.820299
611 116 86 39 31 0.822345
612 116 86 38 31 0.819742
613 116 85 38 31 0.831691
614 116 81 39 32 0.824957
615 116 75 39 32 0.845729
616 114 68 41 34 0.793218
617 112 61 41 34 0.713286
618 109 55 42 35 0.634778
619 107 50 41 35 0.946403
620 106 45 41 35 0.910756
621 105 40 41 35 0.843532
622 103 36 40 34 0.802838
623 100 33 39 33 0.763460
624 96 31 38 32 0.726638
625 91 30 37 31 0.716388
626 89 28 31 26 0.547086
627 82 27 30 26 0.949200
628 76 27 29 25 0.938477
629 70 26 30 26 0.841280
630 68 27 29 26 0.830236
631 68 28 29 26 0.823378
632 71 28 29 26 0.850206
633 75 27 28 25 0.826671
634 78 25 28 25 0.795178
635 82 23 27 24 0.790400
636 85 21 27 24 0.765835
637 90 20 27 24 0.771830
638 94 19 27 24 0.731472
639 98 17 28 25 0.711562
640 101 15 28 25 0.695558
641 103 14 27 24 0.670134
642 104 13 27 24 0.608083
643 107 13 26 24 0.935998
644 110 14 26 24 0.863462
645 113 15 26 24 0.829498
646 116 16 26 24 0.807306
647 118 17 27 25 0.760229
648 121 18 27 25 0.769198
649 114 24 32 30 0.497723
650 115 28 31 29 0.522269
651 120 27 35 29 0.732532
652 119 30 35 29 0.723799
653 118 32 35 29 0.715654
654 117 32 35 29 0.725161
655 116 31 34 28 0.751805
656 115 30 33 27 0.753379
657 115 30 33 27 0.722417
658 117 29 32 26 0.749146
659 119 28 31 25 0.753895